-118.125 0.00 34.093 0.02 16 0 1 2 ALHAMBRA #
-117.913 0.00 33.833 0.02 16 0 1 2 ANAHEIM #
-116.690 0.00 33.555 0.02 16 0 1 2 ANZA #
-118.330 0.00 33.342 0.02 16 0 1 2 AVALON #
-117.908 0.00 34.133 0.02 16 0 1 2 AZUSA #
-116.073 0.00 35.350 0.02 16 0 1 2 BAKER
-119.013 0.00 35.363 0.02 16 0 1 2 BAKERSFIELD
-117.965 0.00 34.085 0.02 16 0 1 2 BALDWIN PARK #
-116.875 0.00 33.930 0.02 16 0 1 2 BANNING #
-117.022 0.00 34.902 0.02 16 0 1 2 BARSTOW
-118.400 0.00 34.070 0.02 16 0 1 2 BEVERLY HILLS #
-116.933 0.00 34.250 0.02 16 0 1 2 BIG BEAR #
-118.292 0.00 37.170 0.02 16 0 1 2 BIG PINE
-118.393 0.00 37.363 0.02 16 0 1 2 BISHOP
-114.600 0.00 33.610 0.02 16 0 1 2 BLYTHE
-116.372 0.00 33.252 0.02 16 0 1 2 BORREGO SPR. #
-115.533 0.00 32.975 0.02 16 0 1 2 BRAWLEY
-117.898 0.00 33.917 0.02 16 0 1 2 BREA #
-118.305 -0.20 34.182 0.02 16 0 1 2 BURBANK
-119.040 0.00 34.217 0.02 16 0 1 2 CAMARILLO #
-118.600 0.00 34.203 0.02 16 0 1 2 CANOGA PARK #
-119.517 0.00 34.397 0.02 16 0 1 2 CARPENTERIA #
-118.617 0.00 34.500 0.02 16 0 1 2 CASTAIC
-118.607 0.00 34.257 0.02 16 0 1 2 CHATSWORTH #
-117.685 0.00 34.022 0.02 16 0 1 2 CHINO #
-120.367 0.00 36.122 0.02 16 0 1 2 COALINGA
-118.218 0.00 33.897 0.02 16 0 1 2 COMPTON #
-118.402 0.00 34.018 0.02 16 0 1 2 CULVER CITY #
-115.400 0.00 33.710 0.02 16 0 1 2 DESERT CENTER
-116.500 0.00 33.963 0.02 16 0 1 2 DESERT HOT SPRINGS #
-117.838 0.00 33.975 0.02 16 0 1 2 DIAMOND BAR #
-118.132 0.00 33.940 0.02 16 0 1 2 DOWNEY #
-120.452 0.00 34.033 0.02 16 0 1 2 SAN MIGUEL IS.
-119.523 0.00 34.033 0.02 16 0 1 2 SANTA CRUZ IS. #
-117.937 0.00 34.920 0.02 16 0 1 2 EDWARDS AFB #
-116.958 0.00 32.792 0.02 16 0 1 2 EL CAJON #
-115.558 0.00 32.790 0.02 16 0 1 2 EL CENTRO
-118.035 0.00 34.075 0.02 16 0 1 2 EL MONTE #
-118.415 0.00 33.920 0.02 16 0 1 2 EL SEGUNDO #
-117.692 0.00 33.625 0.02 16 0 1 2 EL TORO #
-118.500 0.00 34.162 0.02 16 0 1 2 ENCINO #
-116.617 0.00 31.867 0.02 16 0 1 2 ENSENADA
-117.078 0.00 33.117 0.02 16 0 1 2 ESCONDIDO #
-118.912 0.00 34.407 0.02 16 0 1 2 FILLMORE #
-117.435 0.00 34.100 0.02 16 0 1 2 FONTANA #
-116.687 0.00 35.260 0.02 16 0 1 2 FORT IRWIN #
-119.790 0.00 36.740 0.02 16 0 1 2 FRESNO
-117.920 0.00 33.872 0.02 16 0 1 2 FULLERTON #
-116.870 0.00 36.457 0.02 16 0 1 2 FURNACE CREEK RANCH
-120.208 0.00 34.477 0.02 16 0 1 2 GAVIOTA #
-117.867 0.00 34.130 0.02 16 0 1 2 GLENDORA #
-118.850 0.00 34.798 0.02 16 0 1 2 GORMAN
-118.518 0.00 34.267 0.02 16 0 1 2 GRANADA HILLS #
-118.352 0.00 33.917 0.02 16 0 1 2 HAWTHORNE #
-116.970 0.00 33.750 0.02 16 0 1 2 HEMET #
-118.192 0.00 34.110 0.02 16 0 1 2 HIGHLAND PARK #
-121.403 0.00 36.852 0.02 16 0 1 2 HOLLISTER
-118.330 0.00 34.100 0.02 16 0 1 2 HOLLYWOOD #
-118.000 0.00 33.660 0.02 16 0 1 2 HUNTINGTON BEACH #
-118.223 0.00 33.982 0.02 16 0 1 2 HUNTINGTON PARK #
-116.717 0.00 33.737 0.02 16 0 1 2 IDYLLWILD #
-118.198 0.00 36.805 0.02 16 0 1 2 INDEPENDENCE
-116.217 0.00 33.718 0.02 16 0 1 2 INDIO #
-118.353 0.00 33.962 0.02 16 0 1 2 INGLEWOOD #
-117.813 0.00 35.645 0.02 16 0 1 2 INYOKERN #
-117.825 0.00 33.663 0.02 16 0 1 2 IRVINE
-116.600 0.00 33.075 0.02 16 0 1 2 JULIAN
-118.198 0.00 34.205 0.02 16 0 1 2 LA CANADA #
-117.267 0.00 32.850 0.02 16 0 1 2 LA JOLLA
-117.945 0.00 34.023 0.02 16 0 1 2 LA PUENTE #
-117.783 0.00 33.543 0.02 16 0 1 2 LAGUNA BEACH #
-117.185 0.00 34.260 0.02 16 0 1 2 L. ARROWHEAD #
-117.325 0.00 33.672 0.02 16 0 1 2 L. ELSINORE #
-118.478 0.00 35.630 0.02 16 0 1 2 L.ISABELLA
-118.442 0.00 34.678 0.02 16 0 1 2 L.HUGHES #
-118.137 0.00 33.852 0.02 16 0 1 2 LAKEWOOD #
-115.159 0.00 36.176 0.02 16 0 1 2 LAS VEGAS
-117.903 0.00 35.940 0.02 16 0 1 2 LITTLE LAKE
-120.457 0.00 34.642 0.02 16 0 1 2 LOMPOC
-118.063 0.00 36.610 0.02 16 0 1 2 LONE PINE
-118.183 0.00 33.775 0.02 16 0 1 2 LONG BEACH
-118.243 0.00 34.053 0.02 16 0 1 2 LOS ANGELES
-116.950 0.00 34.445 0.02 16 0 1 2 LUCERNE VALLEY #
-118.687 0.00 34.033 0.02 16 0 1 2 MALIBU #
-118.973 0.00 37.650 0.02 16 0 1 2 MAMMOTH LAKES
-116.075 0.00 33.573 0.02 16 0 1 2 MECCA #
-115.483 0.00 32.658 0.02 16 0 1 2 MEXICALI
-118.172 0.00 35.052 0.02 16 0 1 2 MOJAVE
-118.002 0.00 34.150 0.02 16 0 1 2 MONROVIA #
-118.108 0.00 34.012 0.02 16 0 1 2 MONTEBELLO #
-116.582 0.00 34.045 0.02 16 0 1 2 MORONGO VALLEY #
-118.593 0.00 33.033 0.02 16 0 1 2 SAN CLEMENTE IS.
-114.617 0.00 34.845 0.02 16 0 1 2 NEEDLES
-118.535 0.00 34.383 0.02 16 0 1 2 NEWHALL #
-117.923 0.00 33.607 0.02 16 0 1 2 NEWPORT BEACH #
-115.515 0.00 33.242 0.02 16 0 1 2 NILAND
-118.375 0.00 34.167 0.02 16 0 1 2 NORTH HOLLYWOOD #
-118.535 0.00 34.228 0.02 16 0 1 2 NORTHRIDGE #
-118.075 0.00 33.908 0.02 16 0 1 2 NORWALK #
-117.375 0.00 33.200 0.02 16 0 1 2 OCEANSIDE
-116.130 0.00 33.142 0.02 16 0 1 2 OCOTILLO WELLS
-119.242 0.00 34.453 0.02 16 0 1 2 OJAI
-118.003 0.00 36.285 0.02 16 0 1 2 OLANCHA
-117.648 0.00 34.057 0.02 16 0 1 2 ONTARI0 #
-119.180 0.00 34.195 0.02 16 0 1 2 OXNARD #
-116.383 0.00 33.718 0.02 16 0 1 2 PALM DESERT #
-116.535 0.00 33.825 0.02 16 0 1 2 PALM SPRINGS
-118.110 0.00 34.580 0.02 16 0 1 2 PALMDALE
-116.833 0.00 33.377 0.02 16 0 1 2 PALOMAR #
-117.467 0.00 36.340 0.02 16 0 1 2 PANAMINT SPRINGS
-118.448 0.00 34.223 0.02 16 0 1 2 PANORAMA CITY #
-114.287 0.00 34.143 0.02 16 0 1 2 PARKER
-120.437 0.00 35.899 0.02 16 0 1 2 PARKFIELD
-118.140 0.00 34.145 0.02 16 0 1 2 PASADENA #
-117.228 0.00 33.813 0.02 16 0 1 2 L. PERRIS #
-118.448 0.00 33.958 0.02 16 0 1 2 PLAYA DEL REY #
-120.458 0.00 34.450 0.02 16 0 1 2 POINT CONCEPTION
-118.805 0.00 34.002 0.02 16 0 1 2 POINT DUME #
-117.750 0.00 34.063 0.02 16 0 1 2 POMONA #
-119.008 0.00 36.070 0.02 16 0 1 2 PORTERVILLE
-117.180 0.00 34.052 0.02 16 0 1 2 REDLANDS #
-118.383 0.00 33.837 0.02 16 0 1 2 REDONDO BEACH #
-117.663 0.00 35.622 0.02 16 0 1 2 RIDGECREST #
-117.370 0.00 33.983 0.02 16 0 1 2 RIVERSIDE #
-118.347 0.00 32.817 0.02 16 0 1 2 SOUTH TIP SAN CLEMENTE IS. #
-115.962 0.00 33.280 0.02 16 0 1 2 SALTON CITY
-117.295 0.30 34.108 0.02 16 0 1 2 SAN BERNARDINO 
-117.613 0.00 33.422 0.02 16 0 1 2 SAN CLEMENTE #
-117.158 0.00 32.717 0.02 16 0 1 2 SAN DIEGO
-117.808 0.00 34.107 0.02 16 0 1 2 SAN DIMAS #
-118.442 0.00 34.283 0.02 16 0 1 2 SAN FERNANDO #
-120.663 0.00 35.292 0.02 16 0 1 2 SAN LUIS OBISPO
-119.500 0.00 33.250 0.02 16 0 1 2 SAN NICOLAS IS.
-118.285 0.00 33.737 0.02 16 0 1 2 SAN PEDRO #
-121.188 0.00 35.650 0.02 16 0 1 2 SAN SIMEON
-117.868 0.00 33.745 0.02 16 0 1 2 SANTA ANA #
-119.698 0.00 34.417 0.02 16 0 1 2 SANTA BARBARA #
-120.437 0.00 34.953 0.02 16 0 1 2 SANTA MARIA
-118.495 -0.02 34.017 0.00 16 0 1 11 SANTA MONICA
-119.078 0.00 34.350 0.02 16 0 1 2 SANTA PAULA #
-117.347 0.00 37.037 0.02 16 0 1 2 SCOTTY'S CASTLE
-118.105 0.00 33.737 0.02 16 0 1 2 SEAL BEACH #
-116.268 0.00 35.978 0.02 16 0 1 2 SHOSHONE
-118.733 0.00 34.280 0.02 16 0 1 2 SIMI VALLEY #
-118.315 0.00 34.260 0.02 16 0 1 2 SUNLAND #
-118.443 0.00 35.130 0.02 16 0 1 2 TEHACHAPI #
-117.147 0.00 33.493 0.02 16 0 1 2 TEMECULA
-118.868 0.00 34.185 0.02 16 0 1 2 THOUSAND OAKS #
-117.017 0.00 32.533 0.02 16 0 1 2 TIJUANA
-118.322 0.00 33.832 0.02 16 0 1 2 TORRANCE #
-117.372 0.00 35.763 0.02 16 0 1 2 TRONA
-116.033 0.00 34.130 0.02 16 0 1 2 TWENTYNINE PALMS
-117.653 0.00 34.107 0.02 16 0 1 2 UPLAND #
-119.267 0.00 34.278 0.02 16 0 1 2 VENTURA
-117.300 0.00 34.537 0.02 16 0 1 2 VICTORVILLE
-119.298 0.00 36.330 0.02 16 0 1 2 VISALIA
-116.633 0.00 33.283 0.02 16 0 1 2 WARNER SPRINGS #
-115.618 0.00 33.033 0.02 16 0 1 2 WESTMORLAND #
-118.443 0.00 34.078 0.02 16 0 1 2 WESTWOOD #
-118.038 0.00 33.977 0.02 16 0 1 2 WHITTIER # 
-117.630 0.00 34.355 0.02 16 0 1 2 WRIGHTWOOD #
-117.033 0.00 34.033 0.02 16 0 1 2 YUCAIPA #
-116.438 0.00 34.125 0.02 16 0 1 2 YUCCA VALLEY #
-114.625 0.00 32.717 0.02 16 0 1 2 YUMA
