>
 -123.000898 37.700980 < begin ?????
 -123.000701 37.700889
 -123.000398 37.700499
 -123.000302 37.700160
 -123.000499 37.699789
 -123.000802 37.699390
 -123.000802 37.699152
 -123.000398 37.698780
 -123.000201 37.698418
 -123.000201 37.698061
 -123.000302 37.698331
 -123.000600 37.698551
 -123.000802 37.698638
 -123.000999 37.698730
 -123.000898 37.698450
 -123.000701 37.698139
 -123.000701 37.697799
 -123.000701 37.697391
>
 -121.952298 37.473030 < begin san jose to east end of bay (no
 -121.952399 37.472581
 -121.952802 37.472389
 -121.953201 37.472210
 -121.953999 37.472118
 -121.954599 37.472311
 -121.955200 37.472732
 -121.955200 37.473081
 -121.955099 37.473269
 -121.954902 37.474383
 -121.954902 37.474781
 -121.955300 37.475198
 -121.955502 37.475331
 -121.956002 37.475331
 -121.956799 37.475198
 -121.957400 37.474859
 -121.957899 37.474181
 -121.958101 37.473530
 -121.958298 37.472760
 -121.958298 37.472260
 -121.958500 37.471609
 -121.958899 37.470972
 -121.959499 37.470601
 -121.961003 37.470069
 -121.962002 37.469808
 -121.962501 37.469579
 -121.963198 37.469441
 -121.963198 37.469441
 -121.963501 37.469492
 -121.963601 37.469382
 -121.963799 37.469382
 -121.964601 37.469730
 -121.964999 37.469551
 -121.965201 37.469308
 -121.965201 37.468942
 -121.966301 37.468511
 -121.966498 37.468511
 -121.966801 37.468350
 -121.967003 37.468350
 -121.967200 37.468259
 -121.968799 37.468089
 -121.969702 37.468089
 -121.970101 37.468030
 -121.970702 37.468052
 -121.970899 37.468011
 -121.971499 37.468098
 -121.971902 37.468121
 -121.972402 37.468240
 -121.973502 37.468722
 -121.974199 37.469281
 -121.975198 37.469712
 -121.975198 37.470051
 -121.975602 37.470560
 -121.975899 37.470390
 -121.976000 37.470262
 -121.976601 37.470262
 -121.977302 37.470551
 -121.978301 37.470752
 -121.979800 37.470812
 -121.980602 37.470482
 -121.980900 37.470491
 -121.981299 37.470381
 -121.981400 37.470262
 -121.982000 37.470019
 -121.982601 37.469698
 -121.982802 37.469263
 -121.983000 37.469052
 -121.983302 37.468823
 -121.983398 37.468832
 -121.983903 37.468442
 -121.984301 37.467782
 -121.984700 37.467328
 -121.984700 37.467241
 -121.984902 37.467099
 -121.985301 37.466929
 -121.985502 37.466421
 -121.986300 37.465788
 -121.987501 37.465348
 -121.988101 37.465279
 -121.988899 37.465279
 -121.989201 37.465330
 -121.989999 37.465651
 -121.990200 37.465820
 -121.990700 37.466049
 -121.990902 37.466072
 -121.991598 37.466352
 -121.992699 37.466842
 -121.992900 37.466971
 -121.993501 37.467182
 -121.993702 37.467438
 -121.994202 37.467640
 -121.994601 37.467690
 -121.994899 37.467869
 -121.995100 37.467920
 -121.995398 37.468130
 -121.995903 37.468272
 -121.996498 37.468570
 -121.996902 37.468570
 -121.996998 37.468502
 -121.997200 37.468589
 -121.997502 37.468621
 -121.997901 37.468800
 -121.998002 37.468749
 -121.998300 37.468800
 -121.998501 37.468910
 -121.998699 37.468891
 -121.998900 37.469001
 -121.999799 37.468919
 -122.000601 37.469029
 -122.000802 37.469198
 -122.000802 37.469560
 -122.000702 37.469730
 -122.000399 37.469790
 -122.000202 37.469689
 -122.000202 37.469831
 -122.000399 37.469941
 -122.000802 37.470001
 -122.000899 37.470060
>
 -121.952399 37.456392 < begin san jose to east end of bay (so
 -121.952802 37.456492
 -121.953499 37.455920
 -121.953802 37.455851
 -121.953902 37.455709
 -121.954100 37.455732
 -121.954498 37.456062
 -121.954498 37.456382
 -121.954700 37.457230
 -121.956098 37.458459
 -121.956900 37.459380
 -121.957102 37.459499
 -121.957198 37.459660
 -121.958000 37.460650
 -121.958399 37.460929
 -121.959302 37.461379
 -121.960599 37.461649
 -121.961200 37.461649
 -121.961401 37.461741
 -121.961598 37.461741
 -121.961699 37.461791
 -121.962401 37.461791
 -121.962900 37.461929
 -121.963299 37.461929
 -121.963601 37.461580
 -121.964899 37.460732
 -121.964500 37.459981
 -121.964500 37.459261
 -121.964802 37.459050
 -121.965499 37.458661
 -121.965902 37.458661
 -121.967003 37.458019
 -121.968002 37.457661
 -121.968199 37.457460
 -121.968300 37.457340
 -121.968300 37.457162
 -121.968401 37.456978
 -121.968401 37.456580
 -121.968300 37.456052
 -121.968300 37.454668
 -121.968199 37.454228
 -121.968002 37.453861
 -121.967699 37.453591
 -121.967099 37.453330
 -121.966599 37.453041
 -121.966498 37.452610
 -121.966402 37.452450
 -121.966402 37.452179
 -121.967300 37.451483
 -121.967800 37.451331
 -121.968401 37.450699
 -121.968699 37.450259
 -121.968799 37.449892
 -121.968799 37.449649
 -121.968098 37.449342
 -121.967800 37.449131
 -121.967699 37.449108
 -121.967598 37.448929
 -121.967598 37.448829
 -121.967699 37.448650
 -121.967699 37.448439
 -121.967699 37.448329
 -121.967901 37.448329
 -121.968199 37.448462
 -121.968501 37.448512
 -121.968501 37.448320
 -121.968401 37.448049
 -121.968199 37.447912
 -121.966402 37.447912
 -121.966200 37.447861
 -121.965701 37.447541
 -121.965499 37.447348
 -121.965701 37.446890
 -121.965902 37.446578
 -121.965802 37.446349
 -121.965201 37.445762
 -121.964298 37.445139
 -121.963601 37.444740
 -121.963001 37.444259
 -121.962900 37.444190
 -121.962098 37.443420
 -121.961099 37.442182
 -121.961003 37.442132
 -121.960100 37.441160
 -121.959802 37.440812
 -121.959701 37.440509
 -121.959802 37.440408
 -121.959902 37.440482
 -121.960100 37.440729
 -121.960402 37.441032
 -121.960402 37.440871
 -121.960200 37.440619
 -121.959999 37.440220
 -121.960200 37.440298
 -121.960498 37.440720
 -121.960599 37.441018
 -121.960801 37.441101
 -121.961300 37.441669
 -121.962698 37.443292
 -121.963299 37.443892
 -121.966100 37.445872
 -121.966402 37.446211
 -121.966700 37.446161
 -121.967502 37.445739
 -121.968002 37.445340
 -121.968300 37.445029
 -121.968300 37.444910
 -121.968098 37.444772
 -121.967800 37.444680
 -121.966498 37.444772
 -121.966402 37.444841
 -121.966200 37.444891
 -121.965802 37.444910
 -121.965100 37.444699
 -121.964802 37.444451
 -121.964702 37.444470
 -121.964000 37.444121
 -121.964000 37.444030
 -121.963702 37.443892
 -121.963299 37.443438
 -121.963501 37.443429
 -121.963899 37.443131
 -121.964500 37.443209
 -121.964702 37.443470
 -121.964702 37.444098
 -121.964802 37.444282
 -121.965201 37.444492
 -121.965701 37.444630
 -121.967502 37.444630
 -121.967901 37.444451
 -121.968602 37.444451
 -121.968900 37.444589
 -121.969102 37.444502
 -121.969299 37.444309
 -121.969601 37.444240
 -121.969899 37.444451
 -121.969899 37.444639
 -121.969799 37.444910
 -121.969702 37.445010
 -121.969299 37.445139
 -121.968401 37.445721
 -121.968002 37.445881
 -121.967598 37.446211
 -121.967401 37.446358
 -121.967099 37.446661
 -121.966700 37.446949
 -121.966498 37.447192
 -121.966599 37.447321
 -121.966801 37.447421
 -121.967901 37.447398
 -121.968199 37.447449
 -121.968900 37.447889
 -121.969299 37.448292
 -121.969299 37.448792
 -121.969198 37.449200
 -121.969501 37.449709
 -121.969501 37.450162
 -121.969299 37.450781
 -121.968098 37.451739
 -121.967699 37.452010
 -121.967401 37.452358
 -121.967401 37.452551
 -121.967502 37.452729
 -121.968401 37.453279
 -121.968699 37.453541
 -121.968799 37.453719
 -121.969001 37.454462
 -121.969102 37.455479
 -121.969102 37.456259
 -121.969001 37.456699
 -121.969001 37.457120
 -121.968799 37.457620
 -121.968401 37.457941
 -121.968098 37.458042
 -121.967699 37.458129
 -121.967003 37.458372
 -121.966599 37.458628
 -121.966100 37.459041
 -121.965701 37.459321
 -121.965499 37.459600
 -121.965600 37.459990
 -121.965701 37.460182
 -121.966498 37.460540
 -121.967003 37.460590
 -121.967598 37.460590
 -121.968501 37.460540
 -121.969198 37.460389
 -121.970000 37.460219
 -121.970702 37.460040
 -121.970802 37.460040
 -121.971100 37.459912
 -121.971499 37.459788
 -121.971802 37.459788
 -121.973003 37.459399
 -121.974699 37.459362
 -121.975299 37.459302
 -121.975702 37.459261
 -121.976101 37.459261
 -121.976601 37.459211
 -121.977000 37.458981
 -121.977600 37.459128
 -121.978100 37.459128
 -121.978700 37.459041
 -121.981501 37.459421
 -121.982101 37.459472
 -121.982500 37.459761
 -121.984998 37.460269
 -121.986199 37.460622
 -121.988702 37.461360
 -121.989999 37.461640
 -121.990599 37.461590
 -121.991200 37.461782
 -121.991401 37.461920
 -121.991401 37.461920
 -121.991502 37.461929
 -121.991502 37.461929
 -121.992098 37.462062
 -121.992199 37.462062
 -121.992501 37.462121
 -121.993299 37.462442
 -121.994101 37.462621
 -121.994500 37.462612
 -121.994802 37.462511
 -121.994899 37.462332
 -121.994899 37.462071
 -121.995000 37.461860
 -121.995100 37.461590
 -121.995201 37.461672
 -121.995201 37.461810
 -121.995100 37.462162
 -121.995100 37.462492
 -121.995398 37.462460
 -121.995499 37.462190
 -121.995499 37.461851
 -121.995499 37.461622
 -121.995302 37.461571
 -121.995302 37.461282
 -121.995398 37.460929
 -121.995701 37.460691
 -121.995802 37.460682
 -121.995999 37.460682
 -121.996200 37.460682
 -121.996498 37.460769
 -121.996498 37.460842
 -121.996402 37.461039
 -121.996100 37.461090
 -121.995802 37.461049
 -121.995701 37.461319
 -121.995802 37.461512
 -121.995999 37.461562
 -121.996100 37.461461
 -121.996402 37.461590
 -121.995802 37.461970
 -121.995701 37.462149
 -121.995802 37.462428
 -121.995802 37.463171
 -121.995903 37.463359
 -121.996998 37.464010
 -121.998300 37.464262
 -121.998602 37.464230
 -121.999198 37.464372
 -122.000802 37.464028
 -122.001000 37.464051
>
 -122.898026 39.130104 < begin streams into clear lake
 -122.899300 39.128296
 -122.898301 39.127628
 -122.896744 39.126369
 -122.894921 39.125000
 -122.893952 39.124149
 -122.892159 39.122345
 -122.890984 39.121613
 -122.889367 39.120605
 -122.888611 39.119701
 -122.886902 39.118591
 -122.885460 39.118065
 -122.885666 39.119251
 -122.888016 39.121017
 -122.889840 39.122849
 -122.890664 39.123669
 -122.892190 39.125000
 -122.893105 39.127525
>
 -122.888604 39.127541
 -122.891343 39.127495
 -122.893105 39.127525
 -122.894867 39.127560
 -122.895806 39.128246
 -122.898026 39.130104
 -122.897858 39.131477
 -122.899041 39.134338
 -122.901948 39.135342
 -122.899041 39.134338
 -122.901223 39.133923
 -122.903214 39.134590
 -122.901948 39.135342
>
 -122.627076 38.928909
 -122.625763 38.929401
 -122.624039 38.930054
 -122.625763 38.929401
 -122.622277 38.928032
 -122.619973 38.926575
 -122.622277 38.928032
 -122.622513 38.926270 < end streams into clear lake
>
 -122.885468 39.395164 < begin lake pillsbury streams 
 -122.887177 39.394249
 -122.888833 39.394501
 -122.890717 39.394730
 -122.893433 39.395229
 -122.893433 39.395229
 -122.894730 39.396801
 -122.895974 39.397701
 -122.897530 39.397480
 -122.899155 39.397953
 -122.902016 39.398598
 -122.902016 39.398598
 -122.904320 39.399624
 -122.902016 39.398598
 -122.902993 39.397839
 -122.904320 39.399624
 -122.904320 39.399624
 -122.906434 39.400852
 -122.909249 39.402138
 -122.911042 39.402779
 -122.912369 39.403255
 -122.913521 39.403854
 -122.913521 39.403854
 -122.914765 39.404701
>
 -122.935784 39.383862
 -122.936516 39.382656
 -122.935784 39.383862
 -122.934571 39.385059
 -122.932511 39.384254
 -122.930527 39.383156
 -122.932511 39.384254
 -122.934571 39.385059
 -122.936402 39.385147
 -122.935784 39.383862
 -122.936402 39.385147
 -122.937539 39.386402
 -122.936318 39.387665
 -122.937539 39.386402
 -122.936318 39.387665
 -122.936135 39.389099
 -122.937409 39.390568
 -122.938782 39.392029
 -122.937409 39.390568
 -122.936837 39.392124
 -122.937409 39.390568
 -122.936837 39.392124
 -122.938782 39.392029
 -122.941819 39.392941
 -122.941819 39.392941
 -122.943078 39.394505
 -122.943314 39.395672
 -122.943314 39.395672
 -122.946030 39.396999
 -122.947205 39.397774
 -122.946030 39.396999
 -122.943314 39.395672
 -122.942986 39.397110
 -122.943612 39.398117
 -122.945054 39.398666
 -122.947205 39.397774
 -122.948067 39.400452 < end lake pillsbury streams 
>
