-73.9179 0.02 40.7042 0.00 10 0 0 LM New York
-118.243 0.02 34.0530 0.00 10 0 0 LM Los Angeles
-87.6794 0.02 41.8407 0.00 10 0 0 LM Chicago
-79.38 0.02 43.65 0.00 10 0 0 LM Toronto
-95.3832 0.02 29.7629 0.00 10 0 0 LM Houston
-75.1448 0.02 39.998 0.00 10 0 0 LM Philadelphia
-112.0763 0.02 33.5284 0.00 10 0 0 LM Phoenix
-106.49 0.02 31.74 0.00 10 0 0 LM Juﬂez
-117.02 0.02 32.53 0.00 10 0 0 LM Tijuana
-117.158 0.02 32.7170 0.00 10 0 0 LM San Diego
-96.7872 0.02 32.7995 0.00 10 0 0 LM Dallas
-98.5127 0.02 29.4515 0.00 10 0 0 LM San Antonio
-100.32 0.02 25.67 0.00 10 0 0 LM Monterrey
-73.57 0.02 45.52 0.00 10 0 0 LM Montrâal
-83.1026 0.02 42.3871 0.00 10 0 0 LM Detroit
-121.8727 0.02 37.3041 0.00 10 0 0 LM San Jose
-86.1477 0.02 39.7909 0.00 10 0 0 LM Indianapolis
-122.4374 -0.02 37.7599 0.00 10 0 0 RM San Francisco
-81.66 0.00 30.3194 0.02 10 0 0 CT Jacksonville
-82.9915 0.02 39.9898 0.00 10 0 0 LM Columbus
-100.26 0.02 25.68 0.00 10 0 0 LM Guadalupe
-106.08 0.02 28.63 0.00 10 0 0 LM Chihuahua
-97.7472 0.02 30.3005 0.00 10 0 0 LM Austin
-76.617 0.02 39.308 0.00 10 0 0 LM Baltimore
-89.9711 0.02 35.1174 0.00 10 0 0 LM Memphis
-97.17 0.02 49.88 0.00 10 0 0 LT Winnipeg
-87.9559 0.02 43.0522 0.00 10 0 0 LM Milwaukee
-71.0891 0.02 42.3216 0.00 10 0 0 LM Boston
-79.62 0.02 43.58 0.00 10 0 0 LM Mississauga
-101 0.02 25.42 0.00 10 0 0 LM Saltillo
-115.47 0.02 32.65 0.00 10 0 0 LM Mexicali
-77.0132 0.02 38.9136 0.00 10 0 0 LM Washington
-106.4232 0.02 31.7902 0.00 10 0 0 LM El Paso
-122.3331 0.02 47.6264 0.00 10 0 0 LM Seattle
-110.97 0.02 29.07 0.00 10 0 0 LM Hermosillo
-104.9655 0.02 39.7263 0.00 10 0 0 LM Denver
-86.7621 0.02 36.1548 0.00 10 0 0 LM Nashville
-80.8292 0.02 35.2072 0.00 10 0 0 LM Charlotte
-97.3338 0.02 32.7389 0.00 10 0 0 LM Fort Worth
-123.13 0.02 49.28 0.00 10 0 0 LM Vancouver
-122.6402 0.02 45.523 0.00 10 0 0 LM Portland
-103.43 0.02 25.55 0.00 10 0 0 LM Torren
-97.535 0.02 35.4823 0.00 10 0 0 LM Oklahoma City
-100.3 0.02 25.75 0.00 10 0 0 LM San Nicolﬂs de los Garza
-110.9182 0.02 32.2145 0.00 10 0 0 LM Tucson
-90.059 0.02 29.9728 0.00 10 0 0 LM New Orleans
-115.2221 0.02 36.1942 0.00 10 0 0 LM Las Vegas
-81.6697 0.02 41.4823 0.00 10 0 0 LM Cleveland
-118.183 0.02 33.7750 0.00 10 0 0 LM Long Beach
-106.61 0.02 35.1107 0.00 10 0 0 LM Albuquerque
-94.5554 0.02 39.0763 0.00 10 0 0 LM Kansas City
-98.28 0.02 26.08 0.00 10 0 0 LM Reynosa
-119.7921 0.02 36.7815 0.00 10 0 0 LM Fresno
-76.0872 0.00 36.8345 0.02 10 0 0 CT Virginia Beach
-84.4032 0.02 33.7595 0.00 10 0 0 LM Atlanta
-121.4689 0.02 38.5556 0.00 10 0 0 LM Sacramento
-122.2281 0.02 37.7952 0.00 10 0 0 LM Oakland
-111.7464 0.02 33.4112 0.00 10 0 0 LM Mesa
-97.5 0.02 25.88 0.00 10 0 0 LM Matamoros
-95.9373 0.02 36.1313 0.00 10 0 0 LM Tulsa
-96.013 0.02 41.2605 0.00 10 0 0 LM Omaha
-93.2682 0.02 44.9645 0.00 10 0 0 LM Minneapolis
-80.2241 0.02 25.7877 0.00 10 0 0 LM Miami
-104.7919 0.02 38.8634 0.00 10 0 0 LM Colorado Springs
-81.24 0.02 42.97 0.00 10 0 0 LM London
-75.71 0.02 45.42 0.00 10 0 0 LM Ottawa
-90.2428 0.02 38.6277 0.00 10 0 0 LM St. Louis
-79.85 0.02 43.26 0.00 10 0 0 LM Hamilton
-97.3362 0.02 37.6888 0.00 10 0 0 LM Wichita
-117.8814 0.02 33.7407 0.00 10 0 0 LM Santa Ana
-79.9773 0.02 40.4414 0.00 10 0 0 LM Pittsburgh
-84.5031 0.02 39.1362 0.00 10 0 0 LM Cincinnati
-99.51 0.02 27.48 0.00 10 0 0 LM Nuevo Laredo
-83.5753 0.02 41.6657 0.00 10 0 0 LM Toledo
-82.4646 0.02 27.9709 0.00 10 0 0 LM Tampa
-78.8494 0.02 42.9047 0.00 10 0 0 LM Buffalo
-97.4019 0.02 27.7429 0.00 10 0 0 LM Corpus Christi
-78.6446 0.02 35.8188 0.00 10 0 0 LM Raleigh
-84.4946 0.02 38.0296 0.00 10 0 0 LM Lexington-Fayette
-85.7495 0.02 38.2289 0.00 10 0 0 LM Louisville
-117.3961 0.02 33.9481 0.00 10 0 0 LM Riverside
-109.93 0.02 27.48 0.00 10 0 0 LM Obregn
-82.6676 0.00 27.7823 0.02 10 0 0 CT St. Petersburg
-119.0317 0.02 35.3573 0.00 10 0 0 LM Bakersfield
-121.3009 0.02 37.9756 0.00 10 0 0 LM Stockton
-86.8127 0.02 33.5248 0.00 10 0 0 LM Birmingham
-116.62 0.02 31.87 0.00 10 0 0 LM Ensenada
-91.1402 0.02 30.4581 0.00 10 0 0 LM Baton Rouge
-96.6753 0.02 40.8099 0.00 10 0 0 LM Lincoln
-79.8194 0.02 36.0799 0.00 10 0 0 LM Greensboro
-96.7459 0.02 33.0504 0.00 10 0 0 LM Plano
-77.6115 0.02 43.1655 0.00 10 0 0 LM Rochester
-81.5179 0.02 41.0732 0.00 10 0 0 LM Akron
-89.3948 0.02 43.0746 0.00 10 0 0 LM Madison
-85.1265 0.02 41.0783 0.00 10 0 0 LM Fort Wayne
-109 0.02 25.79 0.00 10 0 0 LM Los Mochis
-121.9828 0.02 37.5429 0.00 10 0 0 LM Fremont
-86.2791 0.02 32.3615 0.00 10 0 0 LM Montgomery
-93.7711 0.02 32.468 0.00 10 0 0 LM Shreveport
-101.8778 0.02 33.5647 0.00 10 0 0 LM Lubbock
-88.1033 0.02 30.6795 0.00 10 0 0 LM Mobile
-93.6209 0.02 41.5909 0.00 10 0 0 LM Des Moines
-85.6583 0.02 42.9605 0.00 10 0 0 LM Grand Rapids
-77.4615 0.02 37.5383 0.00 10 0 0 LM Richmond
-73.8644 0.02 40.9415 0.00 10 0 0 LM Yonkers
-117.4103 0.02 47.6733 0.00 10 0 0 LM Spokane
-82.022 0.02 33.4333 0.00 10 0 0 LM Augusta
-101.42 0.02 26.91 0.00 10 0 0 LM Monclova
-122.4594 0.02 47.2414 0.00 10 0 0 LM Tacoma
-80.5 0.02 43.46 0.00 10 0 0 LM Kitchener
-120.9945 0.02 37.6615 0.00 10 0 0 LM Modesto
-78.9072 0.02 35.9886 0.00 10 0 0 LM Durham
-79.26 0.02 43.87 0.00 10 0 0 LM Markham
-81.3758 0.02 28.5335 0.00 10 0 0 LM Orlando
-116.2376 0.02 43.6137 0.00 10 0 0 LM Boise City
-84.9404 0.02 32.4896 0.00 10 0 0 LM Columbus
-80.2605 0.02 36.1028 0.00 10 0 0 LM Winston-Salem
-90.2044 0.02 32.3204 0.00 10 0 0 LM Jackson
-92.3311 0.02 34.736 0.00 10 0 0 LM Little Rock
-111.8926 0.02 40.7547 0.00 10 0 0 LM Salt Lake City
-119.8218 0.02 39.5271 0.00 10 0 0 LM Reno
-76.4846 0.00 37.071 0.02 10 0 0 CT Newport News
-77.33 -0.02 25.06 0.00 10 0 0 RB Nassau
-115.0253 0.02 36.0292 0.00 10 0 0 LM Henderson
-83.9422 0.02 35.9729 0.00 10 0 0 LM Knoxville
-101.8452 0.02 35.1993 0.00 10 0 0 LM Amarillo
-71.4221 0.02 41.8236 0.00 10 0 0 LM Providence
-71.8038 0.02 42.2688 0.00 10 0 0 LM Worcester
-71.23 0.02 46.82 0.00 10 0 0 LM Quâbec
-119.1825 0.02 34.1913 0.00 10 0 0 LM Oxnard
-84.1967 0.02 39.7627 0.00 10 0 0 LM Dayton
-110.95 0.02 31.31 0.00 10 0 0 LM Nogales
-117.375 0.00 33.2000 0.02 10 0 0 CB Oceanside
-86.5963 0.02 34.7123 0.00 10 0 0 LM Huntsville
-85.2673 0.02 35.0455 0.00 10 0 0 LM Chattanooga
-80.1418 -0.02 26.1358 0.00 10 0 0 RM Fort Lauderdale
-72.5475 0.02 42.1124 0.00 10 0 0 LM Springfield
-93.2862 0.02 37.1951 0.00 10 0 0 LM Springfield
-118.5064 0.02 34.4166 0.00 10 0 0 LM Santa Clarita
-121.6431 0.02 36.6839 0.00 10 0 0 LM Salinas
-84.2728 0.02 30.4518 0.00 10 0 0 LM Tallahassee
-89.0698 0.02 42.2698 0.00 10 0 0 LM Rockford
-117.7559 0.02 34.0608 0.00 10 0 0 LM Pomona
-74.1629 0.02 40.9155 0.00 10 0 0 LM Paterson
-122.7046 0.02 38.4486 0.00 10 0 0 LM Santa Rosa
-76.1444 0.02 43.0469 0.00 10 0 0 LM Syracuse
-78.86 0.02 43.89 0.00 10 0 0 LM Oshawa
-88.2985 0.02 41.7599 0.00 10 0 0 LM Aurora
-79.24 0.02 43.18 0.00 10 0 0 LM Saint Catharines
-73.1959 0.02 41.1886 0.00 10 0 0 LM Bridgeport
-123.1103 0.02 44.0577 0.00 10 0 0 LM Eugene
-123.0292 0.02 44.9311 0.00 10 0 0 LM Salem
-81.1038 0.02 32.0507 0.00 10 0 0 LM Savannah
-100.53 0.02 28.71 0.00 10 0 0 LM Piedras Negras
-114.78 0.02 32.46 0.00 10 0 0 LM San Luis Rio Colorado
-83.694 0.02 43.0276 0.00 10 0 0 LM Flint
-96.7318 0.02 43.5363 0.00 10 0 0 LM Sioux Falls
-72.9231 0.02 41.3111 0.00 10 0 0 LM New Haven
-89.28 0.02 48.42 0.00 10 0 0 LM Thunder Bay
-95.6895 0.02 39.0392 0.00 10 0 0 LM Topeka
-122.0151 0.02 37.9678 0.00 10 0 0 LM Concord
-87.5506 0.02 37.9772 0.00 10 0 0 LM Evansville
-72.6886 0.02 41.7626 0.00 10 0 0 LM Hartford
-78.9176 0.00 35.0667 0.02 10 0 0 CT Fayetteville
-91.6685 0.02 41.9831 0.00 10 0 0 LM Cedar Rapids
-84.5549 0.02 42.7176 0.00 10 0 0 LM Lansing
-118.1541 0.02 34.687 0.00 10 0 0 LM Lancaster
-105.0783 0.02 40.5592 0.00 10 0 0 LM Fort Collins
-73.5413 0.02 41.0744 0.00 10 0 0 LM Stamford
-118.8751 0.02 34.1895 0.00 10 0 0 LM Thousand Oaks
-100.94 0.02 29.32 0.00 10 0 0 LM Acu±a
-122.2359 0.02 38.113 0.00 10 0 0 LM Vallejo
-81.0108 0.02 34.0171 0.00 10 0 0 LM Columbia
-118.0275 0.02 34.0733 0.00 10 0 0 LM El Monte #
-99.7455 0.02 32.4464 0.00 10 0 0 LM Abilene
-83.7393 0.02 42.2745 0.00 10 0 0 LM Ann Arbor
-94.1267 0.02 30.0799 0.00 10 0 0 LM Beaumont
-97.1559 0.02 31.5515 0.00 10 0 0 LM Waco
-89.6094 0.02 40.7207 0.00 10 0 0 LM Peoria
-89.6504 0.02 39.7832 0.00 10 0 0 LM Springfield
-92.0294 0.02 30.2139 0.00 10 0 0 LM Lafayette
-86.2552 0.02 41.6726 0.00 10 0 0 LM South Bend
-122.3 0.02 49.06 0.00 10 0 0 LM Abbotsford
-73.0383 0.02 41.556 0.00 10 0 0 LM Waterbury
-71.4516 0.02 42.9863 0.00 10 0 0 LM Manchester
-75.4773 0.02 40.6017 0.00 10 0 0 LM Allentown
-88.1089 0.02 41.533 0.00 10 0 0 LM Joliet
-123.39 0.02 48.49 0.00 10 0 0 LM Saanich
-71.3146 0.02 42.6395 0.00 10 0 0 LM Lowell
-111.6608 0.02 40.2444 0.00 10 0 0 LM Provo
-98.5149 0.02 33.897 0.00 10 0 0 LM Wichita Falls
-80.0762 0.02 42.1145 0.00 10 0 0 LM Erie
-87.3583 0.02 36.5594 0.00 10 0 0 LM Clarksville
-87.3455 0.02 41.5808 0.00 10 0 0 LM Gary
-88.0158 0.02 44.5134 0.00 10 0 0 LM Green Bay
-81.9825 0.00 26.6396 0.02 10 0 0 CT Cape Coral
-104.6204 0.02 38.2669 0.00 10 0 0 LM Pueblo
-105.47 0.02 28.19 0.00 10 0 0 LM Delicias
-105.67 0.02 26.93 0.00 10 0 0 LM Hidalgo
-83.3832 0.02 33.9555 0.00 10 0 0 LM Athens
-110.91 0.02 27.92 0.00 10 0 0 LM Guaymas
-109.45 0.02 27.08 0.00 10 0 0 LM Navajoa
-81.01 0.02 46.49 0.00 10 0 0 LM Sudbury
-90.5907 0.02 41.543 0.00 10 0 0 LM Davenport
-74.3786 0.02 40.5382 0.00 10 0 0 LM Edison
-83.6517 0.02 32.8348 0.00 10 0 0 LM Macon
-79.9863 0.02 32.7893 0.00 10 0 0 LM Charleston
-97.4182 0.02 35.2216 0.00 10 0 0 LM Norman
-73.7813 0.02 42.6598 0.00 10 0 0 LM Albany
-82.9171 0.02 42.5802 0.00 10 0 0 LM Clinton
-82.3361 0.02 29.6652 0.00 10 0 0 LM Gainesville
-102.0992 0.02 32.0051 0.00 10 0 0 LM Midland
-79.9557 0.02 37.2769 0.00 10 0 0 LM Roanoke
-105.2595 0.02 40.0194 0.00 10 0 0 LM Boulder
-88.2886 0.02 42.0394 0.00 10 0 0 LM Elgin
-71.0218 0.02 42.0825 0.00 10 0 0 LM Brockton
-70.9337 0.00 41.6518 0.02 10 0 0 CT New Bedford
-117.656 0.02 33.6127 0.00 10 0 0 LM Mission Viejo
-94.8032 0.02 38.8808 0.00 10 0 0 LM Olathe
-119.46 0.02 49.89 0.00 10 0 0 LT Kelowna
-98.4178 0.02 34.6094 0.00 10 0 0 LM Lawton
-122.313 -0.02 37.5543 0.00 10 0 0 RM San Mateo
-119.7142 0.02 34.4258 0.00 10 0 0 LM Santa Barbara
-119.3074 0.02 36.3241 0.00 10 0 0 LM Visalia
-122.2005 0.02 47.9634 0.00 10 0 0 LM Everett
-80.26 0.02 43.15 0.00 10 0 0 LM Brantford
-102.3655 0.02 31.8633 0.00 10 0 0 LM Odessa
-96.8087 0.02 46.8714 0.00 10 0 0 LM Fargo
-87.8456 0.02 42.5822 0.00 10 0 0 LM Kenosha
-108.5371 0.02 45.7866 0.00 10 0 0 LM Billings
-80.355 0.00 27.2758 0.02 10 0 0 CT Port St. Lucie
-121.9727 0.02 38.3538 0.00 10 0 0 LM Vacaville
-100.4525 0.02 31.4531 0.00 10 0 0 LM San Angelo
-106.87 0.02 28.42 0.00 10 0 0 LM Cuauhtâmoc
-92.1171 0.02 46.7804 0.00 10 0 0 LM Duluth
-97.7266 0.02 31.1056 0.00 10 0 0 LM Killeen
-74.1675 0.02 39.9793 0.00 10 0 0 LM Toms River
-84.35 0.02 46.53 0.00 10 0 0 LM Sault Sainte Marie
-92.4732 0.02 44.0258 0.00 10 0 0 LM Rochester
-74.7561 0.02 40.2217 0.00 10 0 0 LM Trenton
-79.68 0.02 44.38 0.00 10 0 0 LM Barrie
-96.3957 0.02 42.498 0.00 10 0 0 LM Sioux City
-92.3338 0.02 38.9484 0.00 10 0 0 LM Columbia
-95.2999 0.02 32.3342 0.00 10 0 0 LM Tyler
-80.0644 0.00 26.71 0.02 10 0 0 CT West Palm Beach
-80.6493 0.02 41.0963 0.00 10 0 0 LM Youngstown
-88.9442 0.02 39.8516 0.00 10 0 0 LM Decatur
-75.9263 0.02 40.3417 0.00 10 0 0 LM Reading
-122.3703 0.02 40.5766 0.00 10 0 0 LM Redding
-81.3758 0.02 40.805 0.00 10 0 0 LM Canton
-97.1292 0.02 33.2163 0.00 10 0 0 LM Denton
-94.3987 0.02 35.3687 0.00 10 0 0 LM Fort Smith
-95.2532 0.02 38.9599 0.00 10 0 0 LM Lawrence
-121.2893 0.02 38.7524 0.00 10 0 0 LM Roseville
-80.6588 0.02 27.983 0.00 10 0 0 LM Palm Bay
-84.344 0.02 34.0339 0.00 10 0 0 LM Roswell
-71.9 0.02 45.4 0.00 10 0 0 LM Sherbrooke
-81.959 0.02 28.0412 0.00 10 0 0 LM Lakeland
-82.4 0.02 42.99 0.00 10 0 0 LM Sarnia
-87.5346 0.02 33.2065 0.00 10 0 0 LM Tuscaloosa
-114.625 0.02 32.7170 0.00 10 0 0 LM Yuma
-120.4334 0.02 34.9514 0.00 10 0 0 LM Santa Maria
-111.9612 0.02 41.2277 0.00 10 0 0 LM Ogden
-85.5839 0.02 42.2792 0.00 10 0 0 LM Kalamazoo
-84.1656 0.02 31.5823 0.00 10 0 0 LM Albany
-104.724 0.02 40.4151 0.00 10 0 0 LM Greeley
-75.6674 0.02 41.4106 0.00 10 0 0 LM Scranton
-87.9809 0.02 42.095 0.00 10 0 0 LM Arlington Heights
-77.9121 0.00 34.2232 0.02 10 0 0 CT Wilmington
-78.34 0.02 44.3 0.00 10 0 0 LM Peterborough
-73.4607 0.02 41.4034 0.00 10 0 0 LM Danbury
-80.1001 0.00 26.3687 0.02 10 0 0 CT Boca Raton
-106.7652 0.02 32.3197 0.00 10 0 0 LM Las Cruces
-94.8365 0.02 39.7579 0.00 10 0 0 LM St. Joseph
-66.06 0.00 45.29 0.02 10 0 0 CT Saint John
-94.7539 0.02 32.5091 0.00 10 0 0 LM Longview
-83.3797 0.02 42.6601 0.00 10 0 0 LM Waterford
-123.97 0.02 49.21 0.00 10 0 0 LM Nanaimo
-75.5516 0.02 39.7486 0.00 10 0 0 LM Wilmington
-120.5297 0.02 46.5967 0.00 10 0 0 LM Yakima
-93.2085 0.02 30.2147 0.00 10 0 0 LM Lake Charles
-89.0762 0.02 30.4016 0.00 10 0 0 LM Gulfport
-112.83 0.02 49.69 0.00 10 0 0 LT Lethbridge
-88.4017 0.02 44.2655 0.00 10 0 0 LM Appleton
-81.2163 0.02 28.907 0.00 10 0 0 LM Deltona
-86.529 0.02 39.1621 0.00 10 0 0 LM Bloomington
-82.5477 0.02 28.4789 0.00 10 0 0 LM Spring Hill
-82.5558 0.02 35.5799 0.00 10 0 0 LM Asheville
-86.3947 0.02 35.8577 0.00 10 0 0 LM Murfreesboro
-92.3462 0.02 42.4924 0.00 10 0 0 LM Waterloo
-82.1689 0.02 41.4482 0.00 10 0 0 LM Lorain
-96.3145 0.02 30.6014 0.00 10 0 0 LM College Station
-88.2612 0.02 40.113 0.00 10 0 0 LM Champaign
-85.3882 0.02 40.1932 0.00 10 0 0 LM Muncie
-122.475 0.02 48.7502 0.00 10 0 0 LM Bellingham
-71.4266 0.02 42.2998 0.00 10 0 0 LM Framingham
-77.4098 0.00 34.7596 0.02 10 0 0 CT Jacksonville
-94.9658 0.02 29.7438 0.00 10 0 0 LM Baytown
-81.1803 0.02 35.2552 0.00 10 0 0 LM Gastonia
-83.8041 0.02 39.9271 0.00 10 0 0 LM Springfield
-79.1702 0.02 37.4037 0.00 10 0 0 LM Lynchburg
-88.9835 0.02 40.4776 0.00 10 0 0 LM Bloomington
-71.08 0.02 48.43 0.00 10 0 0 LM Chicoutimi
-108.47 0.02 25.57 0.00 10 0 0 LM Guasave
-70.2691 0.02 43.6651 0.00 10 0 0 LM Portland
-81.0379 0.00 29.2073 0.02 10 0 0 CT Daytona Beach
-117.3445 0.02 34.5205 0.00 10 0 0 LM Victorville
-120.4779 0.02 37.306 0.00 10 0 0 LM Merced
-76.6099 0.02 36.7413 0.00 10 0 0 LM Suffolk
-95.6141 0.02 29.5996 0.00 10 0 0 LM Sugar Land
-122.8619 0.02 42.332 0.00 10 0 0 LM Medford
-88.5513 0.02 44.025 0.00 10 0 0 LM Oshkosh
-121.96 0.02 49.17 0.00 10 0 0 LM Chilliwack
-109.56 0.02 31.33 0.00 10 0 0 LM Agua Prieta
-91.525 0.02 41.6558 0.00 10 0 0 LM Iowa City
-105.9646 0.02 35.6672 0.00 10 0 0 LM Santa Fe
-83.9508 0.02 43.4209 0.00 10 0 0 LM Saginaw
-91.4927 0.02 44.8146 0.00 10 0 0 LM Eau Claire
-79.46 0.02 44.07 0.00 10 0 0 LM Newmarket
-84.5649 0.02 39.3958 0.00 10 0 0 LM Hamilton
-75.2319 0.02 43.0966 0.00 10 0 0 LM Utica
-96.9935 0.02 28.8169 0.00 10 0 0 LM Victoria
-77.3724 0.02 35.6016 0.00 10 0 0 LM Greenville
-90.5118 0.02 38.7887 0.00 10 0 0 LM St. Charles
-76.5 0.02 44.23 0.00 10 0 0 LM Kingston
-121.8355 0.02 39.74 0.00 10 0 0 LM Chico
-85.6815 0.02 40.1 0.00 10 0 0 LM Anderson
-88.8208 0.02 35.6331 0.00 10 0 0 LM Jackson
-87.3898 0.02 39.4696 0.00 10 0 0 LM Terre Haute
-103.2283 0.02 44.0762 0.00 10 0 0 LM Rapid City
-89.0167 0.02 42.6841 0.00 10 0 0 LM Janesville
-82.7539 0.02 28.0839 0.00 10 0 0 LM Palm Harbor
-94.1725 0.02 45.5568 0.00 10 0 0 LM St. Cloud
-100 0.02 25.6 0.00 10 0 0 LM Cadereyta
-116.9831 0.02 33.742 0.00 10 0 0 LM Hemet
-79.45 0.02 46.3 0.00 10 0 0 LM North Bay
-122.63 0.02 49.22 0.00 10 0 0 LM Maple Ridge
-108.09 0.02 25.47 0.00 10 0 0 LM Guam˜chil
-94.1609 0.02 36.0764 0.00 10 0 0 LM Fayetteville
-93.9399 0.02 29.8849 0.00 10 0 0 LM Port Arthur
-77.2708 0.02 38.7815 0.00 10 0 0 LM Burke
-85.4073 0.02 31.2272 0.00 10 0 0 LM Dothan
-117.1237 0.02 33.5033 0.00 10 0 0 LM Temecula
-90.6869 0.02 42.5043 0.00 10 0 0 LM Dubuque
-97.6963 0.02 26.1922 0.00 10 0 0 LM Harlingen
-94.8259 0.02 29.2811 0.00 10 0 0 LM Galveston
-114.0116 0.02 46.8626 0.00 10 0 0 LM Missoula
-121.4339 0.02 37.738 0.00 10 0 0 LM Tracy
-111.2863 0.02 47.5037 0.00 10 0 0 LM Great Falls
-73.6174 0.02 40.705 0.00 10 0 0 LM Hempstead
-86.8747 0.02 40.4106 0.00 10 0 0 LM Lafayette
-76.3044 0.02 40.0399 0.00 10 0 0 LM Lancaster
-75.014 0.02 39.4804 0.00 10 0 0 LM Vineland
-87.2093 0.02 30.437 0.00 10 0 0 LM Pensacola
-122.5237 -0.02 37.9833 0.00 10 0 0 RM San Rafael
-82.3854 0.02 34.8443 0.00 10 0 0 LM Greenville
-80.6005 0.02 35.4043 0.00 10 0 0 LM Concord
-77.8056 0.02 35.9541 0.00 10 0 0 LM Rocky Mount
-95.5038 0.02 30.1774 0.00 10 0 0 LM The Woodlands
-100.779 0.02 46.8133 0.00 10 0 0 LM Bismarck
-90.694 0.02 35.8281 0.00 10 0 0 LM Jonesboro
-82.3728 0.02 36.3354 0.00 10 0 0 LM Johnson City
-77.2617 0.02 39.1782 0.00 10 0 0 LM Germantown
-116.63 0.02 32.57 0.00 10 0 0 LM Tecate
-92.0231 0.02 34.2166 0.00 10 0 0 LM Pine Bluff
-119.1593 0.02 46.2035 0.00 10 0 0 LM Kennewick
-122.0263 -0.02 36.972 0.00 10 0 0 RM Santa Cruz
-97.3622 0.02 31.0937 0.00 10 0 0 LM Temple
-87.1184 0.02 37.7577 0.00 10 0 0 LM Owensboro
-86.9834 0.02 34.581 0.00 10 0 0 LM Decatur
-73.2441 0.02 40.7818 0.00 10 0 0 LM Brentwood
-81.6333 0.02 38.3495 0.00 10 0 0 LM Charleston
-85.204 0.02 42.3121 0.00 10 0 0 LM Battle Creek
-92.0949 0.02 32.5103 0.00 10 0 0 LM Monroe
-104.802 0.02 41.1455 0.00 10 0 0 LM Cheyenne
-111.631 0.02 35.1992 0.00 10 0 0 LM Flagstaff
-77.4204 0.02 39.4263 0.00 10 0 0 LM Frederick
-82.5353 0.02 27.3373 0.00 10 0 0 LM Sarasota
-119.7539 0.02 39.1609 0.00 10 0 0 LM Carson City
-121.3081 0.02 44.0564 0.00 10 0 0 LM Bend
-116.5636 0.02 43.5748 0.00 10 0 0 LM Nampa
-91.2331 0.02 43.8132 0.00 10 0 0 LM La Crosse
-82.4336 0.02 38.413 0.00 10 0 0 LM Huntington
-112.4473 0.02 42.8752 0.00 10 0 0 LM Pocatello
-81.35 0.02 48.49 0.00 10 0 0 LM Timmins
-107.92 0.02 30.42 0.00 10 0 0 LM Nuevo Casas Grandes
-74.74 0.02 45.03 0.00 10 0 0 LM Cornwall
-75.42 0.02 45.52 0.00 10 0 0 LM Cumberland
-112.16 0.02 30.72 0.00 10 0 0 LM Caborca
-87.725 0.02 43.7497 0.00 10 0 0 LM Sheboygan
-93.6316 0.02 42.0273 0.00 10 0 0 LM Ames
-112.0325 0.02 43.4918 0.00 10 0 0 LM Idaho Falls
-81.342 0.02 41.6912 0.00 10 0 0 LM Mentor
-81.0261 0.02 34.9381 0.00 10 0 0 LM Rock Hill
-113.5781 0.02 37.0953 0.00 10 0 0 LM St. George
-106.3251 0.02 42.8347 0.00 10 0 0 LM Casper
-78.3998 0.02 40.5107 0.00 10 0 0 LM Altoona
-72.57 0.02 46.35 0.00 10 0 0 LM Trois-Riviàres
-82.5229 0.02 40.7549 0.00 10 0 0 LM Mansfield
-123.276 0.02 44.5708 0.00 10 0 0 LM Corvallis
-97.0549 0.02 47.9123 0.00 10 0 0 LM Grand Forks
-86.4444 0.02 36.9817 0.00 10 0 0 LM Bowling Green
-121.7725 0.02 38.6741 0.00 10 0 0 LM Woodland
-116.2319 0.02 33.7199 0.00 10 0 0 LM Indio
-76.8756 0.02 40.2698 0.00 10 0 0 LM Harrisburg
-83.638 0.02 32.6087 0.00 10 0 0 LM Warner Robins
-98.1637 0.02 26.3042 0.00 10 0 0 LM Edinburg
-79.4044 0.02 36.5872 0.00 10 0 0 LM Danville
-87.8039 0.02 41.5738 0.00 10 0 0 LM Tinley Park
-101.12 0.02 27.86 0.00 10 0 0 LM Sabinas
-70.9615 0.02 42.534 0.00 10 0 0 LM Peabody
-94.2744 0.02 39.0178 0.00 10 0 0 LM Blue Springs
-70.3531 0.00 41.6592 0.02 10 0 0 CT Barnstable Town
-81.4129 0.02 28.304 0.00 10 0 0 LM Kissimmee
-75.9118 0.02 42.1022 0.00 10 0 0 LM Binghamton
-66.66 0.02 45.96 0.00 10 0 0 LM Fredericton
-97.8808 0.02 36.4006 0.00 10 0 0 LM Enid
-82.19 0.02 42.41 0.00 10 0 0 LM Chatham
-92.9354 0.02 44.9201 0.00 10 0 0 LM Woodbury
-82.1058 0.00 26.9902 0.02 10 0 0 CT Port Charlotte
-92.4592 0.02 31.2928 0.00 10 0 0 LM Alexandria
-82.4168 0.02 40.063 0.00 10 0 0 LM Newark
-86.1318 0.02 40.4822 0.00 10 0 0 LM Kokomo
-97.0918 0.02 32.8483 0.00 10 0 0 LM Euless
-82.1306 0.02 29.1877 0.00 10 0 0 LM Ocala
-72.49 0.02 45.89 0.00 10 0 0 LM Drummondville
-73.2515 0.02 42.4522 0.00 10 0 0 LM Pittsfield
-79.93 0.02 43.66 0.00 10 0 0 LM Halton Hills
-97.6072 0.02 38.8243 0.00 10 0 0 LM Salina
-94.511 0.02 37.0778 0.00 10 0 0 LM Joplin
-95.0898 0.02 29.4998 0.00 10 0 0 LM League City
-104.5281 0.02 33.3872 0.00 10 0 0 LM Roswell
-78.4865 0.00 38.0345 0.02 10 0 0 CT Charlottesville
-79.4456 0.02 36.0896 0.00 10 0 0 LM Burlington
-82.5421 0.02 36.5368 0.00 10 0 0 LM Kingsport
-96.5868 0.02 39.1901 0.00 10 0 0 LM Manhattan
-89.3087 0.02 31.316 0.00 10 0 0 LM Hattiesburg
-117.2024 0.02 34.1185 0.00 10 0 0 LM Highland #
-77.9235 0.02 35.7311 0.00 10 0 0 LM Wilson
-97.83 0.02 25.67 0.00 10 0 0 LM Valle Hermoso
-72.73 0.02 45.41 0.00 10 0 0 LM Granby
-120.6632 0.02 35.2743 0.00 10 0 0 LM San Luis Obispo
-83.2831 0.02 30.8467 0.00 10 0 0 LM Valdosta
-120.0673 0.02 36.9634 0.00 10 0 0 LM Madera
-92.4533 0.02 35.0873 0.00 10 0 0 LM Conway
-93.2447 0.02 44.6919 0.00 10 0 0 LM Lakeville
-75.8779 0.02 41.2446 0.00 10 0 0 LM Wilkes-Barre
-85.4808 0.02 32.5977 0.00 10 0 0 LM Auburn
-98.358 0.02 40.9223 0.00 10 0 0 LM Grand Island
-116.5303 0.02 33.824 0.00 10 0 0 LM Palm Springs
-111.8308 0.02 41.7379 0.00 10 0 0 LM Logan
-78.64 0.00 26.54 0.02 10 0 0 CT Freeport
-122.8931 0.02 47.0424 0.00 10 0 0 LM Olympia
-88.4449 0.02 43.7751 0.00 10 0 0 LM Fond du Lac
-108.5591 0.02 39.0805 0.00 10 0 0 LM Grand Junction
-114.309 -0.02 34.49 0.00 10 0 0 RM Lake Havasu City
-86.8574 0.02 35.9291 0.00 10 0 0 LM Franklin
-119.6469 0.02 36.3333 0.00 10 0 0 LM Hanford
-84.2306 0.02 43.6227 0.00 10 0 0 LM Midland
-91.0484 0.02 33.3986 0.00 10 0 0 LM Greenville
-121.5801 0.02 37.012 0.00 10 0 0 LM Gilroy
-71.7536 0.02 42.5265 0.00 10 0 0 LM Leominster
-120.4603 0.02 34.6462 0.00 10 0 0 LM Lompoc
-76.728 0.02 39.9627 0.00 10 0 0 LM York
-97.9235 0.02 38.0655 0.00 10 0 0 LM Hutchinson
-73.9 0.02 45.56 0.00 10 0 0 LM Saint-Eustache
-71.5491 0.02 43.2201 0.00 10 0 0 LM Concord
-80.8199 0.00 28.5912 0.02 10 0 0 CT Titusville
-74.439 0.00 39.365 0.02 10 0 0 CT Atlantic City
-78.8728 0.02 38.4433 0.00 10 0 0 LM Harrisonburg
-91.3887 0.02 39.9323 0.00 10 0 0 LM Quincy
-99.96 0.02 49.84 0.00 10 0 0 LT Brandon
-86.2477 0.02 43.2266 0.00 10 0 0 LM Muskegon
-84.115 0.02 40.7407 0.00 10 0 0 LM Lima
-77.38 0.02 44.17 0.00 10 0 0 LM Belleville
-88.7042 0.02 32.3748 0.00 10 0 0 LM Meridian
-72.96 0.02 45.63 0.00 10 0 0 LM Saint-Hyacinthe
-76.319 0.00 39.5028 0.02 10 0 0 CT Bel Air South
-81.9276 0.02 34.9468 0.00 10 0 0 LM Spartanburg
-80.3635 0.02 33.9269 0.00 10 0 0 LM Sumter
-92.1893 0.02 38.573 0.00 10 0 0 LM Jefferson City
-119.0275 0.02 36.0686 0.00 10 0 0 LM Porterville
-80.4177 0.02 37.2299 0.00 10 0 0 LM Blacksburg
-84.8907 0.02 39.8302 0.00 10 0 0 LM Richmond
-97.0685 0.02 36.1215 0.00 10 0 0 LM Stillwater
-85.9111 0.02 39.214 0.00 10 0 0 LM Columbus
-77.978 0.02 35.382 0.00 10 0 0 LM Goldsboro
-88.7502 0.02 41.9313 0.00 10 0 0 LM DeKalb
-71.96 0.02 46.06 0.00 10 0 0 LM Victoriaville
-86.0104 0.02 34.0101 0.00 10 0 0 LM Gadsden
-83.6422 0.02 41.0428 0.00 10 0 0 LM Findlay
-73.2232 0.02 44.4847 0.00 10 0 0 LM Burlington
-94.1414 0.02 36.3294 0.00 10 0 0 LM Rogers
-119.2463 0.02 35.7696 0.00 10 0 0 LM Delano
-89.6388 0.02 44.9612 0.00 10 0 0 LM Wausau
-77.8587 0.02 40.7913 0.00 10 0 0 LM State College
-95.368 0.02 35.7466 0.00 10 0 0 LM Muskogee
-99.84 0.02 25.19 0.00 10 0 0 LB Montemorelos
-105.17 0.02 27.69 0.00 10 0 0 LM Camargo
-108.1898 0.02 36.7515 0.00 10 0 0 LM Farmington
-111.66 0.02 25.04 0.00 10 0 0 LB Constitucin
-110.2765 0.02 31.5455 0.00 10 0 0 LM Sierra Vista
-79.25 0.02 44.27 0.00 10 0 0 LM Georgina
-81.3284 0.02 35.7377 0.00 10 0 0 LM Hickory
-73.26 0.00 45.31 0.02 10 0 0 CT Saint-Jean-sur-Richelieu
-84.8711 0.02 35.1715 0.00 10 0 0 LM Cleveland
-121.6262 0.02 39.1348 0.00 10 0 0 LM Yuba City
-77.72 0.02 39.6428 0.00 10 0 0 LM Hagerstown
-101.2922 0.02 48.2332 0.00 10 0 0 LM Minot
-98.1236 0.02 29.7017 0.00 10 0 0 LM New Braunfels
-85.6645 0.02 30.1745 0.00 10 0 0 LM Panama City
-84.4072 0.02 42.2441 0.00 10 0 0 LM Jackson
-87.6629 0.02 34.8203 0.00 10 0 0 LM Florence
-72.0821 0.02 41.5397 0.00 10 0 0 LM Norwich
-80.6847 0.00 28.3579 0.02 10 0 0 CT Merritt Island
-87.8545 0.02 42.3223 0.00 10 0 0 LM North Chicago
-76.5012 0.02 38.9729 0.00 10 0 0 LM Annapolis
-95.1821 0.02 29.9934 0.00 10 0 0 LM Atascocita
-93.0554 0.02 34.4971 0.00 10 0 0 LM Hot Springs
-70.1924 0.02 44.0975 0.00 10 0 0 LM Lewiston
-105.9521 0.02 32.8959 0.00 10 0 0 LM Alamogordo
-94.9227 0.02 39.3082 0.00 10 0 0 LM Leavenworth
-89.5465 0.02 37.309 0.00 10 0 0 LM Cape Girardeau
-82.6053 0.02 39.7193 0.00 10 0 0 LM Lancaster
-83.1264 0.02 40.5866 0.00 10 0 0 LM Marion
-73.1187 0.02 41.8175 0.00 10 0 0 LM Torrington
-96.61 0.02 33.6411 0.00 10 0 0 LM Sherman
-95.5484 0.02 30.7113 0.00 10 0 0 LM Huntsville
-86.1066 0.02 42.777 0.00 10 0 0 LM Holland
-85.185 0.02 34.2599 0.00 10 0 0 LM Rome
-94.0674 0.02 33.4372 0.00 10 0 0 LM Texarkana
-95.9595 0.02 36.7472 0.00 10 0 0 LM Bartlesville
-97.9388 0.02 29.8794 0.00 10 0 0 LM San Marcos
-122.9556 0.02 46.1427 0.00 10 0 0 LM Longview
-80.76 0.02 43.13 0.00 10 0 0 LM Woodstock
-116.7799 0.02 47.6928 0.00 10 0 0 LM Coeur d'Alene
-114.4637 0.02 42.5614 0.00 10 0 0 LM Twin Falls
-100.14 0.02 25.41 0.00 10 0 0 LM Santiago
-88.7259 0.02 34.2596 0.00 10 0 0 LM Tupelo
-87.675 0.02 44.0965 0.00 10 0 0 LM Manitowoc
-73.9949 0.02 41.1455 0.00 10 0 0 LM New City
-112.4615 0.02 34.5682 0.00 10 0 0 LM Prescott
-87.6215 0.02 40.1393 0.00 10 0 0 LM Danville
-112.5625 0.02 45.9609 0.00 10 0 0 LM Butte-Silver Bow
-80.743 0.00 32.1788 0.02 10 0 0 CT Hilton Head Island
-114.5887 0.02 35.1156 0.00 10 0 0 LM Bullhead City
-77.4004 0.02 37.213 0.00 10 0 0 LM Petersburg
-90.3685 0.02 40.9523 0.00 10 0 0 LM Galesburg
-80.3852 -0.02 25.5888 0.00 10 0 0 RM South Miami Heights
-81.6392 0.00 26.6084 0.02 10 0 0 CT Lehigh Acres
-81.8284 0.02 41.2441 0.00 10 0 0 LM Brunswick
-76.9158 0.02 38.6055 0.00 10 0 0 LM St. Charles
-81.5421 0.02 39.2662 0.00 10 0 0 LM Parkersburg
-87.0445 0.02 35.615 0.00 10 0 0 LM Columbia
-86.8869 0.02 41.7094 0.00 10 0 0 LM Michigan City
-90.6494 0.02 38.5817 0.00 10 0 0 LM Wildwood
-101.52 0.02 27.88 0.00 10 0 0 LM Mîzquiz
-81.7909 0.00 26.3497 0.02 10 0 0 CT Bonita Springs
-81.2234 0.02 29.5381 0.00 10 0 0 LM Palm Coast
-94.7304 0.02 31.3369 0.00 10 0 0 LM Lufkin
-103.2046 0.02 34.4125 0.00 10 0 0 LM Clovis
-91.8185 0.02 30.0036 0.00 10 0 0 LM New Iberia
-68.54 0.02 48.44 0.00 10 0 0 LM Rimouski
-93.9938 0.02 44.1645 0.00 10 0 0 LM Mankato
-90.7161 0.02 29.5876 0.00 10 0 0 LM Houma
-119.59 0.02 49.5 0.00 10 0 0 LM Penticton
-75.5268 0.02 39.1619 0.00 10 0 0 LM Dover
-96.9473 0.02 32.5885 0.00 10 0 0 LM Cedar Hill
-89.6823 0.02 35.0544 0.00 10 0 0 LM Collierville
-79.2386 0.02 42.0955 0.00 10 0 0 LM Jamestown
-113.53 0.02 31.32 0.00 10 0 0 LM Puerto Pe±asco
-84.5706 0.02 33.399 0.00 10 0 0 LM Peachtree City
-102.18 0.02 25.42 0.00 10 0 0 LM Parras
-68.783 0.02 44.8109 0.00 10 0 0 LM Bangor
-80.6986 0.02 40.0703 0.00 10 0 0 LM Wheeling
-110.3 0.02 30.99 0.00 10 0 0 LM Cananea
-100.18 0.02 26.51 0.00 10 0 0 LM Sabinas Hidalgo
-73.991 0.02 40.2979 0.00 10 0 0 LM Long Branch
-85.6647 0.02 40.5491 0.00 10 0 0 LM Marion
-80.98 0.02 43.37 0.00 10 0 0 LM Stratford
-76.8096 0.02 42.0899 0.00 10 0 0 LM Elmira
-117.001 0.02 46.4002 0.00 10 0 0 LM Lewiston
-112.3972 0.02 33.6518 0.00 10 0 0 LM Surprise
-77.0187 0.02 41.2444 0.00 10 0 0 LM Williamsport
-90.1598 0.02 38.9004 0.00 10 0 0 LM Alton
-81.6117 0.02 31.8324 0.00 10 0 0 LM Hinesville
-70.6755 0.02 42.624 0.00 10 0 0 LM Gloucester
-79.7741 0.02 34.1841 0.00 10 0 0 LM Florence
-87.4889 0.02 36.8547 0.00 10 0 0 LM Hopkinsville
-79.42 0.02 44.6 0.00 10 0 0 LM Orillia
-109.63 0.02 26.83 0.00 10 0 0 LM Huatabampo
-94.6509 0.02 31.6089 0.00 10 0 0 LM Nacogdoches
-73.9229 0.02 41.7001 0.00 10 0 0 LM Poughkeepsie
-118.3302 0.02 46.0651 0.00 10 0 0 LM Walla Walla
-83.6509 0.02 41.3739 0.00 10 0 0 LM Bowling Green
-79.03 0.02 48.24 0.00 10 0 0 LM Rouyn-Noranda
-85.8367 0.02 41.5821 0.00 10 0 0 LM Goshen
-122.1832 0.02 47.4099 0.00 10 0 0 LM East Hill-Meridian
-76.5001 0.02 42.4436 0.00 10 0 0 LM Ithaca
-93.2019 0.02 43.1487 0.00 10 0 0 LM Mason City
-72.6577 0.02 42.3274 0.00 10 0 0 LM Northampton
-117.3453 0.02 33.6814 0.00 10 0 0 LM Lake Elsinore
-73.57 0.02 45.81 0.00 10 0 0 LM Mascouche
-96.9338 0.02 35.3425 0.00 10 0 0 LM Shawnee
-103.1407 0.02 32.7122 0.00 10 0 0 LM Hobbs
-86.0215 0.02 40.0499 0.00 10 0 0 LM Noblesville
-76.5648 0.02 42.9317 0.00 10 0 0 LM Auburn
-70.9731 0.02 43.3021 0.00 10 0 0 LM Rochester
-100.8641 0.02 37.9753 0.00 10 0 0 LM Garden City
-97.6813 0.02 30.6512 0.00 10 0 0 LM Georgetown
-77.5579 0.02 39.1092 0.00 10 0 0 LM Leesburg
-88.1829 0.02 43.4214 0.00 10 0 0 LM West Bend
-84.9715 0.02 34.7711 0.00 10 0 0 LM Dalton
-120.3253 0.02 47.4233 0.00 10 0 0 LM Wenatchee
-82.7091 0.02 41.4467 0.00 10 0 0 LM Sandusky
-90.2073 0.02 41.8469 0.00 10 0 0 LM Clinton
-80.1829 0.02 33.0082 0.00 10 0 0 LM Summerville
-76.9515 0.02 39.4008 0.00 10 0 0 LM Eldersburg
-84.8631 0.02 38.1973 0.00 10 0 0 LM Frankfort
-90.4849 0.02 30.075 0.00 10 0 0 LM Laplace
-111.0473 0.02 45.6779 0.00 10 0 0 LM Bozeman
-87.8639 0.02 41.117 0.00 10 0 0 LM Kankakee
-99.0811 0.02 40.7007 0.00 10 0 0 LM Kearney
-87.0569 0.02 41.4762 0.00 10 0 0 LM Valparaiso
-84.2863 0.02 35.9882 0.00 10 0 0 LM Oak Ridge
-105.5872 0.02 41.3129 0.00 10 0 0 LM Laramie
-74.14 0.00 45.26 0.02 10 0 0 CT Salaberry-de-Valleyfield
-84.2936 0.02 37.7447 0.00 10 0 0 LM Richmond
-91.6472 0.02 44.0482 0.00 10 0 0 LM Winona
-91.1157 0.02 40.8082 0.00 10 0 0 LM Burlington
-79.9507 0.02 39.6337 0.00 10 0 0 LM Morgantown
-96.1871 0.02 38.4081 0.00 10 0 0 LM Emporia
-75.9064 0.02 43.9756 0.00 10 0 0 LM Watertown
-71.66 0.02 48.55 0.00 10 0 0 LM Alma
-103.27 0.02 25.77 0.00 10 0 0 LM Villa Madero
-93.3313 0.02 45.2575 0.00 10 0 0 LM Andover
-123.1973 0.02 45.2118 0.00 10 0 0 LM McMinnville
-71.3126 0.02 41.488 0.00 10 0 0 LM Newport
-80.4785 0.02 35.6683 0.00 10 0 0 LM Salisbury
-89.6304 0.02 42.292 0.00 10 0 0 LM Freeport
-74.3836 0.02 41.1186 0.00 10 0 0 LM West Milford
-90.8754 0.02 32.336 0.00 10 0 0 LM Vicksburg
-95.4383 0.02 29.0368 0.00 10 0 0 LM Lake Jackson
-80.3446 0.02 40.9973 0.00 10 0 0 LM New Castle
-88.6274 0.02 37.0722 0.00 10 0 0 LM Paducah
-123.73 0.02 48.82 0.00 10 0 0 LM North Cowichan
-122.326 0.02 48.4201 0.00 10 0 0 LM Mount Vernon
-80.5498 0.02 34.9888 0.00 10 0 0 LM Monroe
-88.542 0.02 30.3637 0.00 10 0 0 LM Pascagoula
-73.7824 0.00 43.0753 0.02 10 0 0 CT Saratoga Springs
-124.1628 0.02 40.79 0.00 10 0 0 LM Eureka
-68.16 0.02 49.22 0.00 10 0 0 LM Baie-Comeau
-92.9146 0.02 42.0417 0.00 10 0 0 LM Marshalltown
-97.3926 0.02 32.3515 0.00 10 0 0 LM Cleburne
-85.0319 0.02 33.0366 0.00 10 0 0 LM LaGrange
-84.7749 0.02 43.6009 0.00 10 0 0 LM Mount Pleasant
-88.4151 0.02 33.5018 0.00 10 0 0 LM Columbus
-97.0724 0.02 36.7124 0.00 10 0 0 LM Ponca City
-95.5477 0.02 33.6625 0.00 10 0 0 LM Paris
-120.8442 0.02 37.0624 0.00 10 0 0 LM Los Banos
-112.027 0.02 46.5958 0.00 10 0 0 LM Helena
-100.58 0.02 25.82 0.00 10 0 0 LM Garcça
-89.7777 0.02 30.279 0.00 10 0 0 LM Slidell
-104.2363 0.02 32.4119 0.00 10 0 0 LM Carlsbad
-121.7183 0.02 37.9935 0.00 10 0 0 LM Oakley #
-121.8050 0.02 38.0050 0.00 10 0 0 LM Antioch
-82.0122 0.02 39.946 0.00 10 0 0 LM Zanesville
-83.8339 0.02 34.3045 0.00 10 0 0 LM Gainesville
-97.8655 0.02 27.515 0.00 10 0 0 LM Kingsville
-82.6489 0.02 34.5145 0.00 10 0 0 LM Anderson
-72.871 0.02 40.7969 0.00 10 0 0 LM Shirley
-74.4221 0.02 41.4458 0.00 10 0 0 LM Middletown
-81.7207 0.02 33.5494 0.00 10 0 0 LM Aiken
-80.09 0.02 42.81 0.00 10 0 0 LM Nanticoke
-83.072 0.02 40.2989 0.00 10 0 0 LM Delaware
-101.4752 0.02 32.2432 0.00 10 0 0 LM Big Spring
-111.7439 0.02 32.886 0.00 10 0 0 LM Casa Grande
-111.8729 0.02 40.5148 0.00 10 0 0 LM Draper
-100.0182 0.02 37.7597 0.00 10 0 0 LM Dodge City
-96.4899 0.02 41.4397 0.00 10 0 0 LM Fremont
-94.1803 0.02 42.5068 0.00 10 0 0 LM Fort Dodge
-92.4148 0.02 41.0129 0.00 10 0 0 LM Ottumwa
-83.2961 0.02 36.2106 0.00 10 0 0 LM Morristown
-117.6758 0.02 35.6209 0.00 10 0 0 LM Ridgecrest
-82.1975 0.02 36.5691 0.00 10 0 0 LM Bristol
-81.9373 0.02 40.8093 0.00 10 0 0 LM Wooster
-77.79 0.02 48.11 0.00 10 0 0 LM Val-d'Or
-117.1718 0.02 46.7326 0.00 10 0 0 LM Pullman
-98.4813 0.02 45.4637 0.00 10 0 0 LM Aberdeen
-116.0121 0.02 36.2087 0.00 10 0 0 LM Pahrump
-87.9764 0.02 41.7945 0.00 10 0 0 LM Westmont
-89.5603 0.02 44.523 0.00 10 0 0 LM Stevens Point
-96.4694 0.02 32.0925 0.00 10 0 0 LM Corsicana
-76.4209 0.02 40.3415 0.00 10 0 0 LM Lebanon
-74 0.02 45.78 0.00 10 0 0 LM Saint-Jârüme
-120.678 0.02 35.627 0.00 10 0 0 LM Paso Robles
-85.8267 0.02 33.663 0.00 10 0 0 LM Anniston
-98.3917 0.02 40.5893 0.00 10 0 0 LM Hastings
-96.1097 0.02 33.126 0.00 10 0 0 LM Greenville
-94.3637 0.02 32.5429 0.00 10 0 0 LM Marshall
-85.5043 0.02 36.1642 0.00 10 0 0 LM Cookeville
-78.921 0.02 40.3252 0.00 10 0 0 LM Johnstown
-78.06 0.02 43.98 0.00 10 0 0 LM Haldimand
-100.7705 0.02 41.1359 0.00 10 0 0 LM North Platte
-79.0764 0.02 38.1579 0.00 10 0 0 LM Staunton
-73.14 0.02 46.05 0.00 10 0 0 LM Sorel
-75.5934 0.02 38.3658 0.00 10 0 0 LM Salisbury
-97.1294 0.02 34.1812 0.00 10 0 0 LM Ardmore
-77.5851 0.02 35.2707 0.00 10 0 0 LM Kinston
-93.1368 0.02 35.2784 0.00 10 0 0 LM Russellville
-119.9843 0.02 38.9292 0.00 10 0 0 LM South Lake Tahoe
-78.1668 0.02 39.1784 0.00 10 0 0 LM Winchester
-104.7658 0.02 39.5195 0.00 10 0 0 LM Parker
-97.421 0.02 42.0331 0.00 10 0 0 LM Norfolk
-74.0041 0.02 41.9289 0.00 10 0 0 LM Kingston
-84.2709 0.02 33.2476 0.00 10 0 0 LM Griffin
-75.7 0.02 44.61 0.00 10 0 0 LM Brockville
-75.9745 0.02 40.9588 0.00 10 0 0 LM Hazleton
-80.8785 0.02 35.7868 0.00 10 0 0 LM Statesville
-92.978 0.02 43.6678 0.00 10 0 0 LM Austin
-81.1081 0.02 40.9134 0.00 10 0 0 LM Alliance
-86.4513 0.02 36.3814 0.00 10 0 0 LM Gallatin
-79.1755 0.02 35.4759 0.00 10 0 0 LM Sanford
-80.1 0.02 43.92 0.00 10 0 0 LM Orangeville
-77.0691 0.02 35.1091 0.00 10 0 0 LM New Bern
-80.94 0.02 44.57 0.00 10 0 0 LM Owen Sound
-123.3282 0.02 42.439 0.00 10 0 0 LM Grants Pass
-83.3716 0.02 42.234 0.00 10 0 0 LM Romulus
-92.0844 0.02 30.5282 0.00 10 0 0 LM Opelousas
-78.8755 0.00 33.7042 0.02 10 0 0 CT Myrtle Beach
-111.48 0.02 28.85 0.00 10 0 0 LM La Doce
-81.7792 0.02 32.4451 0.00 10 0 0 LM Statesboro
-91.0561 0.02 41.424 0.00 10 0 0 LM Muscatine
-86.8238 0.02 33.2312 0.00 10 0 0 LM Alabaster
-72.2884 0.02 42.9425 0.00 10 0 0 LM Keene
-85.8662 0.02 37.7027 0.00 10 0 0 LM Elizabethtown
-97.9494 0.02 34.5166 0.00 10 0 0 LM Duncan
-112.2978 0.02 40.5364 0.00 10 0 0 LM Tooele
-76.9092 0.02 34.8827 0.00 10 0 0 LM Havelock
-93.2246 0.02 44.0872 0.00 10 0 0 LM Owatonna
-83.9925 0.02 33.9531 0.00 10 0 0 LM Lawrenceville
-101.7188 0.02 34.1912 0.00 10 0 0 LM Plainview
-110.95 0.02 30.63 0.00 10 0 0 LM Kino
-78.691 0.02 43.1698 0.00 10 0 0 LM Lockport
-83.3935 0.02 41.9181 0.00 10 0 0 LM Monroe
-82.1548 0.02 34.1898 0.00 10 0 0 LM Greenwood
-115.533 0.02 32.975 0.00 10 0 0 LM Brawley
-90.5029 0.02 36.0571 0.00 10 0 0 LM Paragould
-84.2086 0.02 40.0416 0.00 10 0 0 LM Troy
-89.912 0.02 38.5915 0.00 10 0 0 LM O'Fallon
-92.577 0.02 34.5708 0.00 10 0 0 LM Benton
-88.82 0.02 33.4625 0.00 10 0 0 LM Starkville
-75.6403 0.02 40.2497 0.00 10 0 0 LM Pottstown
-82.9838 0.02 39.3365 0.00 10 0 0 LM Chillicothe
-86.6354 0.02 30.4464 0.00 10 0 0 LM Wright
-84.6159 0.02 34.0252 0.00 10 0 0 LM Kennesaw
-79.813 0.02 35.7152 0.00 10 0 0 LM Asheboro
-88.7238 0.02 43.1931 0.00 10 0 0 LM Watertown
-84.0378 0.02 41.8965 0.00 10 0 0 LM Adrian
-92.6626 0.02 33.2135 0.00 10 0 0 LM El Dorado
-78.7629 0.02 39.6477 0.00 10 0 0 LM Cumberland
-88.2816 0.02 42.3392 0.00 10 0 0 LM McHenry
-99.3266 0.02 34.6438 0.00 10 0 0 LM Altus
-82.0962 0.02 39.3294 0.00 10 0 0 LM Athens
-85.8445 0.02 31.3275 0.00 10 0 0 LM Enterprise
-117.0348 0.02 34.8763 0.00 10 0 0 LM Barstow
-104.41 0.02 29.56 0.00 10 0 0 LM Ojinaga
-88.179 0.02 39.4887 0.00 10 0 0 LM Charleston
-81.3961 0.00 30.2841 0.02 10 0 0 CT Jacksonville Beach
-97.3585 0.02 41.4328 0.00 10 0 0 LM Columbus
-82.4488 0.00 28.2039 0.02 10 0 0 CT Land O' Lakes
-80.797 0.02 41.8771 0.00 10 0 0 LM Ashtabula
-70.4462 0.02 43.4741 0.00 10 0 0 LM Biddeford
-82.9654 0.02 38.7432 0.00 10 0 0 LM Portsmouth
-104.8099 0.02 39.9742 0.00 10 0 0 LM Brighton
-79.0119 0.02 34.6272 0.00 10 0 0 LM Lumberton
-70.7728 0.02 43.067 0.00 10 0 0 LM Portsmouth
-119.4487 0.02 36.597 0.00 10 0 0 LM Reedley
-89.2203 0.02 37.7264 0.00 10 0 0 LM Carbondale
-90.5719 0.02 34.1979 0.00 10 0 0 LM Clarksdale
-92.6405 0.02 32.5297 0.00 10 0 0 LM Ruston
-113.0744 0.02 37.6826 0.00 10 0 0 LM Cedar City
-87.0247 0.02 32.4164 0.00 10 0 0 LM Selma
-70.68 0.02 46.13 0.00 10 0 0 LM Saint-Georges
-76.8627 0.02 39.1343 0.00 10 0 0 LM North Laurel
-99.1405 0.02 30.0465 0.00 10 0 0 LM Kerrville
-80.576 0.02 40.4086 0.00 10 0 0 LM Weirton
-80.4116 0.00 27.6197 0.02 10 0 0 CT Vero Beach South
-93.2311 0.02 38.7029 0.00 10 0 0 LM Sedalia
-93.5542 0.02 44.8654 0.00 10 0 0 LM Chanhassen
-97.1204 0.02 44.9034 0.00 10 0 0 LM Watertown
-84.161 0.02 40.2897 0.00 10 0 0 LM Sidney
-108.7341 0.02 35.5238 0.00 10 0 0 LM Gallup
-122.8584 0.02 45.1473 0.00 10 0 0 LM Woodburn
-114.0257 0.02 35.2085 0.00 10 0 0 LM Kingman
-84.7232 0.02 33.7498 0.00 10 0 0 LM Douglasville
-123.356 0.02 43.218 0.00 10 0 0 LM Roseburg
-99.3223 0.02 38.8794 0.00 10 0 0 LM Hays
-80.2586 0.02 35.8168 0.00 10 0 0 LM Lexington
-85.0767 0.02 33.5809 0.00 10 0 0 LM Carrollton
-122.6586 0.02 48.2951 0.00 10 0 0 LM Oak Harbor
-81.4229 0.00 26.421 0.02 10 0 0 CT Immokalee
-86.3605 0.02 40.7535 0.00 10 0 0 LM Logansport
-100.9281 0.02 37.0434 0.00 10 0 0 LM Liberal
-87.4024 0.02 46.5486 0.00 10 0 0 LM Marquette
-105.5053 0.02 44.2827 0.00 10 0 0 LM Gillette
-121.7264 0.02 42.2026 0.00 10 0 0 LM Altamont
-65.19 0.02 47.04 0.00 10 0 0 LM Miramichi
-81.5378 0.02 35.2883 0.00 10 0 0 LM Shelby
-121.3031 0.02 38.2608 0.00 10 0 0 LM Galt #
-121.2717 0.02 38.1300 0.00 10 0 0 LM Lodi
-86.0568 0.02 39.4896 0.00 10 0 0 LM Franklin
-87.5022 0.02 37.3327 0.00 10 0 0 LM Madisonville
-113.35 0.02 28.38 0.00 10 0 0 LM Santa Isabel
-77.4708 0.00 38.3018 0.02 10 0 0 CT Fredericksburg
-94.6998 0.02 37.4103 0.00 10 0 0 LM Pittsburg
-100.85 0.02 28.33 0.00 10 0 0 LM Allende
-75.1167 0.02 39.7059 0.00 10 0 0 LM Glassboro
-98.0705 0.02 27.7507 0.00 10 0 0 LM Alice
-97.785 0.02 32.7592 0.00 10 0 0 LM Weatherford
-90.2344 0.02 39.7319 0.00 10 0 0 LM Jacksonville
-91.7337 0.02 35.247 0.00 10 0 0 LM Searcy
-112.399 0.02 33.3897 0.00 10 0 0 LM Goodyear
-99.1 0.02 26.35 0.00 10 0 0 LM Miguel Alemﬂn
-96.8403 0.02 39.0275 0.00 10 0 0 LM Junction City
-79.6567 0.02 40.4348 0.00 10 0 0 LM Murrysville
-73.4586 0.02 44.6954 0.00 10 0 0 LM Plattsburgh
-98.9824 0.02 31.7079 0.00 10 0 0 LM Brownwood
-90.176 0.02 44.6649 0.00 10 0 0 LM Marshfield
-83.2334 0.02 33.0878 0.00 10 0 0 LM Milledgeville
-76.1813 0.02 42.6007 0.00 10 0 0 LM Cortland
-109.2224 0.02 41.5909 0.00 10 0 0 LM Rock Springs
-87.5161 0.02 38.6783 0.00 10 0 0 LM Vincennes
-80.9048 0.02 28.9639 0.00 10 0 0 LM Edgewater
-95.9645 0.02 28.9808 0.00 10 0 0 LM Bay City
-93.7591 0.02 30.1092 0.00 10 0 0 LM Orange
-69.7653 0.02 44.3235 0.00 10 0 0 LM Augusta
-90.674 0.02 40.4605 0.00 10 0 0 LM Macomb
-74.4785 0.02 40.7989 0.00 10 0 0 LM Morristown
-96.7881 0.02 44.3063 0.00 10 0 0 LM Brookings
-91.3876 0.02 31.5544 0.00 10 0 0 LM Natchez
-89.8231 0.02 44.3868 0.00 10 0 0 LM Wisconsin Rapids
-90.1839 0.02 33.5187 0.00 10 0 0 LM Greenwood
-123.4407 0.02 48.113 0.00 10 0 0 LM Port Angeles
-89.1393 0.02 31.6974 0.00 10 0 0 LM Laurel
-93.3681 0.02 43.6507 0.00 10 0 0 LM Albert Lea
-74.1903 0.02 42.9434 0.00 10 0 0 LM Amsterdam
-95.0482 0.02 45.1196 0.00 10 0 0 LM Willmar
-88.8422 0.02 41.3471 0.00 10 0 0 LM Ottawa
-89.9139 0.02 35.9307 0.00 10 0 0 LM Blytheville
-83.9782 0.02 30.8364 0.00 10 0 0 LM Thomasville
-83.179 0.02 41.1168 0.00 10 0 0 LM Tiffin
-85.8901 0.02 38.9563 0.00 10 0 0 LM Seymour
-86.2133 0.02 35.3685 0.00 10 0 0 LM Tullahoma
-96.4597 0.02 32.92 0.00 10 0 0 LM Rockwall
-77.195 0.02 40.2026 0.00 10 0 0 LM Carlisle
-76.5066 0.02 43.4546 0.00 10 0 0 LM Oswego
-100.9647 0.02 35.543 0.00 10 0 0 LM Pampa
-93.0951 0.02 31.7541 0.00 10 0 0 LM Natchitoches
-77.6563 0.02 39.9348 0.00 10 0 0 LM Chambersburg
-95.7664 0.02 34.933 0.00 10 0 0 LM McAlester
-85.365 0.02 39.9237 0.00 10 0 0 LM New Castle
-82.439 0.02 27.0987 0.00 10 0 0 LM Venice
-91.3774 0.02 39.7041 0.00 10 0 0 LM Hannibal
-123.1088 0.02 45.5214 0.00 10 0 0 LM Forest Grove
-71.8187 0.02 41.3748 0.00 10 0 0 LM Westerly
-90.4656 0.02 30.5044 0.00 10 0 0 LM Hammond
-95.6385 0.02 31.7579 0.00 10 0 0 LM Palestine
-89.3828 0.02 36.0394 0.00 10 0 0 LM Dyersburg
-85.4956 0.02 40.8821 0.00 10 0 0 LM Huntington
-112.015 0.02 41.5102 0.00 10 0 0 LM Brigham City
-83.1171 0.02 41.3489 0.00 10 0 0 LM Fremont
-81.6924 0.02 35.7426 0.00 10 0 0 LM Morganton
-72.9741 0.02 43.6077 0.00 10 0 0 LM Rutland
-111.0001 0.02 31.8556 0.00 10 0 0 LM Green Valley
-111.7853 0.02 43.823 0.00 10 0 0 LM Rexburg
-81.1832 0.02 37.7798 0.00 10 0 0 LM Beckley
-86.2113 0.02 34.2654 0.00 10 0 0 LM Albertville
-88.7974 0.02 30.4099 0.00 10 0 0 LM Ocean Springs
-97.3476 0.02 38.0441 0.00 10 0 0 LM Newton
-70.8774 0.00 42.8124 0.02 10 0 0 CT Newburyport
-76.225 0.00 36.2956 0.02 10 0 0 CT Elizabeth City
-93.1626 0.02 44.4561 0.00 10 0 0 LM Northfield
-92.9383 0.02 47.4172 0.00 10 0 0 LM Hibbing
-81.4473 0.02 40.4894 0.00 10 0 0 LM New Philadelphia
-111.3845 0.02 33.0422 0.00 10 0 0 LM Florence
-84.2266 0.02 32.0752 0.00 10 0 0 LM Americus
-81.4527 0.02 41.3241 0.00 10 0 0 LM Twinsburg
-89.5852 0.02 36.8796 0.00 10 0 0 LM Sikeston
-92.5795 0.02 40.1935 0.00 10 0 0 LM Kirksville
-84.2126 0.02 39.4267 0.00 10 0 0 LM Lebanon
-77.6548 0.00 36.4545 0.02 10 0 0 CT Roanoke Rapids
-98.1019 0.02 32.8086 0.00 10 0 0 LM Mineral Wells
-116.4165 0.02 34.126 0.00 10 0 0 LM Yucca Valley
-80.3369 0.02 39.2834 0.00 10 0 0 LM Clarksburg
-84.1843 0.02 37.9948 0.00 10 0 0 LM Winchester
-115.7655 0.02 40.8364 0.00 10 0 0 LM Elko
-86.5115 0.02 40.2822 0.00 10 0 0 LM Frankfort
-90.4027 0.02 36.7598 0.00 10 0 0 LM Poplar Bluff
-115.11 0.02 32.29 0.00 10 0 0 LM Guadalupe Victoria
-84.3629 0.02 41.2819 0.00 10 0 0 LM Defiance
-123.8187 0.02 46.9758 0.00 10 0 0 LM Aberdeen
-71.4679 0.02 43.5508 0.00 10 0 0 LM Laconia
-100.15 0.02 27.23 0.00 10 0 0 LM Anﬂhuac
-91.763 0.02 37.9488 0.00 10 0 0 LM Rolla
-118.7981 0.02 45.6703 0.00 10 0 0 LM Pendleton
-93.735 0.02 38.7631 0.00 10 0 0 LM Warrensburg
-82.3597 0.00 27.7134 0.02 10 0 0 CT Greater Sun Center
-88.9082 0.02 38.3135 0.00 10 0 0 LM Mount Vernon
-78.1841 0.02 42.9986 0.00 10 0 0 LM Batavia
-97.9575 0.02 35.5303 0.00 10 0 0 LM El Reno
-92.5625 0.02 44.5651 0.00 10 0 0 LM Red Wing
-86.4524 0.02 35.489 0.00 10 0 0 LM Shelbyville
-78.4085 0.02 36.3248 0.00 10 0 0 LM Henderson
-75.2841 0.02 40.242 0.00 10 0 0 LM Lansdale
-96.624 0.02 32.3323 0.00 10 0 0 LM Ennis
-88.9302 0.02 37.7304 0.00 10 0 0 LM Marion
-102.7888 0.02 46.8836 0.00 10 0 0 LM Dickinson
-118.973 0.02 37.650 0.00 10 0 0 LM Mammoth Lakes
-118.393 0.02 37.363 0.00 10 0 0 LM Bishop
-118.292 0.02 37.170 0.00 10 0 0 LM Big Pine
-116.933 0.00 34.250 0.02 10 0 0 CB Big Bear
-117.347 0.02 37.037 0.00 10 0 0 LM Scotty's Castle
-118.198 0.02 36.805 0.00 10 0 0 LM Independence
-118.063 0.02 36.610 0.00 10 0 0 LM Lone Pine
-116.870 0.02 36.457 0.00 10 0 0 LM Furnace Creek Ranch
-117.467 0.02 36.340 0.00 10 0 0 LM Panamint Springs
-118.003 0.02 36.285 0.00 10 0 0 LM Olancha
-116.268 0.02 35.978 0.00 10 0 0 LM Shoshone
-116.073 0.02 35.350 0.00 10 0 0 LM Baker
-116.687 0.02 35.260 0.00 10 0 0 LM Fort Irwin
-114.617 -0.02 34.845 0.00 10 0 0 RM Needles
-114.287 -0.02 34.143 0.00 10 0 0 RM Parker
-114.600 -0.02 33.610 0.00 10 0 0 RM Blythe
-115.400 0.02 33.710 0.00 10 0 0 LM Desert Center
-115.962 0.02 33.280 0.00 10 0 0 LM Salton City
-116.130 0.02 33.142 0.00 10 0 0 LM Ocotillo Wells
-117.267 0.00 32.850 0.02 10 0 0 CB La Jolla
-118.593 0.00 33.033 0.02 10 0 0 CB San Clemente Is.
-119.500 0.00 33.250 0.02 10 0 0 CB San Nicolas Is.
-120.452 -0.02 34.033 0.00 10 0 0 RB San Miguel Is.
-119.523 0.00 34.033 0.02 10 0 0 CB Santa Cruz Is.
-118.330 0.00 33.342 0.02 10 0 0 CB Avalon
-116.075 0.00 33.573 0.02 10 0 0 CB Mecca
-118.172 0.00 35.052 0.02 10 0 0 CB Mojave
-117.937 0.00 34.920 0.02 10 0 0 CB Edwards AFB
-117.630 0.00 34.355 0.02 10 0 0 CB Wrightwood
-119.267 0.00 34.278 0.02 10 0 0 CB Ventura
-118.535 0.00 34.228 0.02 10 0 0 CB Northridge
-121.188 0.00 35.650 0.02 10 0 0 CB San Simeon
-120.437 0.00 35.899 0.02 10 0 0 CB Parkfield
-120.367 0.00 36.122 0.02 10 0 0 CB Coalinga
-117.613 0.00 33.422 0.02 10 0 0 CB San Clemente
-115.558 0.00 32.790 0.02 10 0 0 CB El Centro
-116.600 0.00 33.075 0.02 10 0 0 CB Julian
-118.140 0.02 34.145 0.00 10 0 0 LM Pasadena
-117.295 0.02 34.108 0.00 10 0 0 LM San Bernardino
-123.207 -0.02 39.150 0.00 10 0 0 RM Ukiah
-123.017 -0.02 38.805 0.00 10 0 0 RM Cloverdale
-123.803 -0.02 39.447 0.00 10 0 0 RM Fort Bragg
-121.555 0.02 39.513 0.00 10 0 0 LM Oroville
-120.182 -0.02 39.328 0.00 10 0 0 RM Truckee
-123.247 -0.02 39.793 0.00 10 0 0 RM Covelo
-124.285 -0.02 40.325 0.00 10 0 0 RM Petrolia
-123.475 -0.02 41.377 0.00 10 0 0 RM Somes Bar
-124.200 0.02 41.757 0.00 10 0 0 LM Crescent City
-122.385 0.02 41.423 0.00 10 0 0 LM Weed
-120.542 0.02 41.487 0.00 10 0 0 LM Alturas
-120.652 -0.02 40.417 0.00 10 0 0 RM Susanville
-119.780 -0.02 38.695 0.00 10 0 0 RM Markleeville
-120.538 0.02 38.068 0.00 10 0 0 LM Angels Camp
-119.597 0.02 37.745 0.00 10 0 0 LM Yosemite Village
-122.235 0.02 40.178 0.00 10 0 0 LM Red Bluff
